0 3
0.1 3.66686780810195
0.2 4.20184985065449
0.3 4.62228838555288
0.4 4.94355180688464
0.5 5.17924313667129
0.6 5.34138747980425
0.7 5.44060050008139
0.8 5.48623977838524
0.9 5.48654073569705
1 5.44873864209119
1.1 5.37917808654297
1.2 5.28341114989067
1.3 5.16628540333359
1.4 5.03202274625259
1.5 4.88428999884804
1.6 4.72626207613879
1.7 4.56067848938063
1.8 4.38989384815087
1.9 4.21592297048718
2 4.04048114891011
2.1 3.86502006630815
2.2 3.69075980698266
2.3 3.51871736415193
2.4 3.34973200545468
2.5 3.18448782207385
2.6 3.02353375465717
2.7 2.86730135991258
2.8 2.71612055530418
2.9 2.57023355539842
3 2.42980719186404
3.1 2.29494378969082
3.2 2.16569075465976
3.3 2.04204901128837
3.4 1.92398041622368
3.5 1.81141425921236
3.6 1.70425295220699
3.7 1.60237699674629
3.8 1.50564931036433
3.9 1.41391898433882
4 1.32702453748963
4.1 1.24479672390472
4.2 1.16706094632537
4.3 1.09363932139989
4.4 1.02435243805347
4.5 0.959020845765704
4.6 0.897466305547974
4.7 0.839512832823993
4.8 0.784987558198546
4.9 0.733721429214597
5 0.685549773614338
5.1 0.640312742305527
5.2 0.597855648163281
5.3 0.5580292149452
5.4 0.520689748941913
5.5 0.485699244506226
5.6 0.452925433283878
5.7 0.422241785791341
5.8 0.393527472936577
5.9 0.366667294143936
6 0.341551577912724
6.1 0.318076059899579
6.2 0.296141742958159
6.3 0.275654742987074
6.4 0.256526123920699
6.5 0.238671724740503
6.6 0.222011980980526
6.7 0.20647174284395
6.8 0.191980091733286
6.9 0.178470156719978
7 0.165878932236069
7.1 0.154147098057358
7.2 0.14321884246086
7.3 0.133041689276449
7.4 0.123566329410642
7.5 0.114746457297188
7.6 0.106538612622396
7.7 0.0989020275809889
7.8 0.0917984798390995
7.9 0.0851921513132238
8 0.0790494928162594
8.1 0.0733390945728829
8.2 0.0680315625654616
8.3 0.0630994006374416
8.4 0.0585168982528858
8.5 0.0542600237877775
8.6 0.0503063232101932
8.7 0.0466348239918781
8.8 0.0432259440826137
8.9 0.0400614057705613
9 0.0371241542461044
9.1 0.0343982806832173
9.2 0.0318689496507386
9.3 0.029522330665848
9.4 0.0273455337032752
9.5 0.0253265484761001
9.6 0.0234541873072376
9.7 0.0217180314146724
9.8 0.0201083804380768
9.9 0.0186162050394752
10 0.0172331024160111
10.1 0.015951254568523
10.2 0.014763389175472
10.3 0.0136627429277096
10.4 0.0126430271855732
10.5 0.0116983958258025
10.6 0.0108234151517305
10.7 0.0100130357460926
10.8 0.00926256615158645
10.9 0.00856764826997007
11 0.00792423437600262
11.1 0.00732856564788262
11.2 0.00677715212101972
11.3 0.00626675397697508
11.4 0.00579436408421849
11.5 0.00535719171197321
11.6 0.00495264734285031
11.7 0.0045783285142133
11.8 0.004232006622262
11.9 0.00391161462668452
12 0.00361523559740101
12.1 0.00334109204841653
12.2 0.00308753600711793
12.3 0.0028530397704958
12.4 0.00263618730275304
12.5 0.0024356662315823
12.6 0.00225026040306102
12.7 0.00207884295763183
12.8 0.00192036989201267
12.9 0.00177387407412284
13 0.00163845968022289
13.1 0.00151329702545456
13.2 0.0013976177608383
13.3 0.00129071041154432
13.4 0.00119191623290684
13.5 0.00110062536220298
13.6 0.00101627324567487
13.7 0.000938337321640402
13.8 0.000866333941819276
13.9 0.000799815514201933
14 0.000738367851913737
14.1 0.000681607713579826
14.2 0.000629180521681556
14.3 0.000580758246317375
14.4 0.00053603744264299
14.5 0.00049473743107143
14.6 0.000456598610066508
14.7 0.000421380892066353
14.8 0.000388862253730293
14.9 0.000358837392315259
15 0.000331116480559676
15.1 0.000305524012986321
15.2 0.000281897737033048
15.3 0.000260087662884049
15.4 0.000239955146306565
15.5 0.000221372039200684
15.6 0.000204219902945033
15.7 0.000188389279970527
15.8 0.000173779019319663
15.9 0.000160295652251586
16 0.00014785281423498
16.1 0.000136370709932985
16.2 0.000125775618028216
16.3 0.000115999432962784
16.4 0.000106979240879089
16.5 9.86569272432219e-05
16.6 9.09788138150267e-05
16.7 8.38953227982187e-05
16.8 7.7360666161276e-05
16.9 7.13325582659911e-05
17 6.57719500763018e-05
17.1 6.06427833460881e-05
17.2 5.59117633016631e-05
17.3 5.15481484433355e-05
17.4 4.75235561912791e-05
17.5 4.38117831945338e-05
17.6 4.03886392088095e-05
17.7 3.72317935293422e-05
17.8 3.43206330397867e-05
17.9 3.16361310074638e-05
18 2.91607258195635e-05
18.1 2.68782089145226e-05
18.2 2.47736212180691e-05
18.3 2.2833157444655e-05
18.4 2.10440776725014e-05
18.5 1.93946256444874e-05
18.6 1.78739532879073e-05
18.7 1.64720509839149e-05
18.8 1.51796831524859e-05
18.9 1.39883287511718e-05
19 1.28901263159584e-05
19.1 1.18778232003743e-05
19.2 1.0944728694764e-05
19.3 1.00846707315013e-05
19.4 9.29195590401537e-06
19.5 8.56133254795671e-06
19.6 7.88795665176392e-06
19.7 7.26736038142128e-06
19.8 6.69542302041793e-06
19.9 6.16834414093212e-06
20 5.68261883615679e-06
20.1 5.23501485653632e-06
20.2 4.82255150457785e-06
20.3 4.44248015390284e-06
20.4 4.09226626838223e-06
20.5 3.76957280661372e-06
20.6 3.47224490570612e-06
20.7 3.19829574638964e-06
20.8 2.94589350891738e-06
20.9 2.71334933610955e-06
21 2.49910622625976e-06
21.1 2.30172878450845e-06
21.2 2.11989376673197e-06
21.3 1.95238135502592e-06
21.4 1.79806710851228e-06
21.5 1.65591453749806e-06
21.6 1.52496825298602e-06
21.7 1.40434764720938e-06
21.8 1.29324106425547e-06
21.9 1.19090042297819e-06
22 1.09663625729644e-06
22.1 1.0098131416518e-06
22.2 9.29845471871973e-07
22.3 8.56193573970639e-07
22.4 7.88360115524941e-07
22.5 7.25886796221001e-07
22.6 6.68351295958432e-07
22.7 6.1536446056794e-07
22.8 5.66567706731766e-07
22.9 5.21630629115331e-07
23 4.80248794028184e-07
23.1 4.4214170514185e-07
23.2 4.07050927909111e-07
23.3 3.74738360360293e-07
23.4 3.44984638904297e-07
23.5 3.17587668641042e-07
23.6 2.92361268503367e-07
23.7 2.69133922295609e-07
23.8 2.47747627387385e-07
23.9 2.28056833459447e-07
24 2.09927464287518e-07
24.1 1.93236016093722e-07
24.2 1.77868726497013e-07
24.3 1.63720808557099e-07
24.4 1.50695744833708e-07
24.5 1.38704636777399e-07
24.6 1.27665605132002e-07
24.7 1.17503237364556e-07
24.8 1.08148078448403e-07
24.9 9.95361616109305e-08
25 9.16085759211786e-08
25.1 8.43110678357942e-08
25.2 7.75936740462717e-08
25.3 7.14103831774442e-08
25.4 6.57188240781855e-08
25.5 6.0479978621442e-08
25.6 5.56579170932071e-08
25.7 5.12195543999255e-08
25.8 4.71344254620403e-08
25.9 4.33744782888848e-08
26 3.99138833476924e-08
26.1 3.67288579479213e-08
26.2 3.37975044620825e-08
26.3 3.10996612964596e-08
26.4 2.86167656101317e-08
26.5 2.63317268591086e-08
26.6 2.42288103146699e-08
26.7 2.22935297716517e-08
26.8 2.05125487238697e-08
26.9 1.8873589340525e-08
27 1.73653486296666e-08
27.1 1.5977421222936e-08
27.2 1.47002282602089e-08
27.3 1.35249518936677e-08
27.4 1.24434749685597e-08
27.5 1.14483254726636e-08
27.6 1.05326253785386e-08
27.7 9.69004353216939e-09
27.8 8.9147522688468e-09
27.9 8.20138746222271e-09
28 7.54501173560258e-09
28.1 6.94108058585619e-09
28.2 6.38541118997311e-09
28.3 5.8741536823911e-09
28.4 5.40376470791046e-09
28.5 4.97098307038185e-09
28.6 4.57280731152035e-09
28.7 4.2064750672556e-09
28.8 3.86944406105483e-09
28.9 3.55937460474063e-09
29 3.27411348753768e-09
29.1 3.01167914349159e-09
29.2 2.77024799607346e-09
29.3 2.54814188677049e-09
29.4 2.34381650182198e-09
29.5 2.15585071803997e-09
29.6 1.98293679489867e-09
29.7 1.82387134583147e-09
29.8 1.67754702697404e-09
29.9 1.54294488647512e-09
30 1.41912732199422e-09
30.1 1.30523159814854e-09
30.2 1.20046387948794e-09
30.3 1.10409373809177e-09
30.4 1.01544909811931e-09
30.5 9.33911582628046e-10
30.6 8.58912230720183e-10
30.7 7.89927555608407e-10
30.8 7.26475916521181e-10
30.9 6.68114179514224e-10
31 6.14434644230857e-10
31.1 5.65062215473951e-10
31.2 5.19651800128426e-10
31.3 4.77885911516632e-10
31.4 4.39472464690503e-10
31.5 4.04142747473204e-10
31.6 3.71649553268372e-10
31.7 3.41765462764956e-10
31.8 3.14281262687638e-10
31.9 2.89004490683906e-10
32 2.65758096305346e-10
32.1 2.44379208838535e-10
32.2 2.24718003475556e-10
32.3 2.06636657990476e-10
32.4 1.90008392710897e-10
32.5 1.74716587146984e-10
32.6 1.60653967168281e-10
32.7 1.47721857104535e-10
32.8 1.35829491594209e-10
32.9 1.24893382416211e-10
33 1.14836735919564e-10
33.1 1.05588917014819e-10
33.2 9.70849560123391e-11
33.3 8.92650948884229e-11
33.4 8.20743698325133e-11
33.5 7.54622271794321e-11
33.6 6.93821700613063e-11
33.7 6.37914333262388e-11
33.8 5.86506844662965e-11
33.9 5.39237484773255e-11
34 4.95773547387471e-11
34.1 4.55809041539451e-11
34.2 4.19062549321708e-11
34.3 3.8527525522055e-11
34.4 3.5420913325679e-11
34.5 3.25645279315637e-11
34.6 2.99382377056339e-11
34.7 2.75235286718714e-11
34.8 2.53033746996727e-11
34.9 2.32621180934082e-11
35 2.13853597519172e-11
35.1 1.96598581321533e-11
35.2 1.80734363123649e-11
35.3 1.66148965065004e-11
35.4 1.52739414333312e-11
35.5 1.40411019914625e-11
35.6 1.29076707352755e-11
35.7 1.18656406872103e-11
35.8 1.09076490589552e-11
35.9 1.00269254882832e-11
36 9.21724442973881e-12
36.1 8.47288136631482e-12
36.2 7.78857253589451e-12
36.3 7.15947789073662e-12
36.4 6.58114703082792e-12
36.5 6.0494878726731e-12
36.6 5.56073783418016e-12
36.7 5.11143733385935e-12
36.8 4.69840541871391e-12
36.9 4.31871735006557e-12
37 3.96968399023592e-12
37.1 3.64883284558848e-12
37.2 3.35389063301307e-12
37.3 3.08276724758529e-12
37.4 2.8335410189333e-12
37.5 2.60444515285767e-12
37.6 2.39385526304482e-12
37.7 2.20027790534267e-12
37.8 2.02234003408685e-12
37.9 1.85877930642194e-12
38 1.70843516650224e-12
38.1 1.57024064692044e-12
38.2 1.44321482973881e-12
38.3 1.32645591412143e-12
38.4 1.21913484181908e-12
38.5 1.12048943567075e-12
38.6 1.02981900988466e-12
38.7 9.46479414172113e-13
38.8 8.69878476852456e-13
38.9 7.99471814848183e-13
39 7.34758981065817e-13
39.1 6.75279922027548e-13
39.2 6.20611720798519e-13
39.3 5.70365602259132e-13
39.4 5.24184179616007e-13
39.5 4.81738922740938e-13
39.6 4.42727830487231e-13
39.7 4.06873290567529e-13
39.8 3.73920111896618e-13
39.9 3.43633715516499e-13
40 3.15798471337056e-13
40.1 2.90216168952255e-13
40.2 2.66704611735947e-13
40.3 2.45096324289524e-13
40.4 2.25237364112375e-13
40.5 2.06986229100324e-13
40.6 1.90212853152715e-13
40.7 1.74797682789911e-13
40.8 1.6063082825411e-13
40.9 1.47611283091766e-13
41 1.35646206698903e-13
41.1 1.24650264754865e-13
41.2 1.14545022878571e-13
41.3 1.05258389217012e-13
41.4 9.67241020211562e-14
41.5 8.88812585821463e-14
41.6 8.16738821927711e-14
41.7 7.50505240678166e-14
41.8 6.8963897403915e-14
41.9 6.33705409866513e-14
42 5.82305099615403e-14
42.1 5.3507091577535e-14
42.2 4.91665438883259e-14
42.3 4.51778555590626e-14
42.4 4.15125250754312e-14
42.5 3.81443577893145e-14
42.6 3.50492793614815e-14
42.7 3.22051642778257e-14
42.8 2.95916782223792e-14
42.9 2.71901331884598e-14
43 2.498335429952e-14
43.1 2.29555573942165e-14
43.2 2.10922365064871e-14
43.3 1.93800604415393e-14
43.4 1.78067777131248e-14
43.5 1.6361129166751e-14
43.6 1.50327676679722e-14
43.7 1.38121842850112e-14
43.8 1.26906404410211e-14
43.9 1.16601055536511e-14
44 1.07131997185142e-14
44.1 9.84314102894836e-15
44.2 9.04369715737493e-15
44.3 8.30914085380905e-15
44.4 7.6342090448925e-15
44.5 7.01406524238962e-15
44.6 6.44426499359325e-15
44.7 5.92072412769955e-15
44.8 5.43968957207543e-15
44.9 4.9977125306075e-15
45 4.59162383310979e-15
45.1 4.2185112802025e-15
45.2 3.87569882226195e-15
45.3 3.56072742408485e-15
45.4 3.27133747890062e-15
45.5 3.00545264638659e-15
45.6 2.76116499947308e-15
45.7 2.53672137403911e-15
45.8 2.33051082416039e-15
45.9 2.1410530934418e-15
46 1.96698802020001e-15
46.1 1.80706580091243e-15
46.2 1.66013804246056e-15
46.3 1.52514953931465e-15
46.4 1.40113071697146e-15
46.5 1.28719068770373e-15
46.6 1.1825108690439e-15
46.7 1.08633911943552e-15
46.8 9.97984349172074e-16
46.9 9.16811568132278e-16
47 8.42237334935017e-16
47.1 7.73725575000406e-16
47.2 7.1078373763461e-16
47.3 6.52959264674763e-16
47.4 5.99836345453377e-16
47.5 5.51032934884834e-16
47.6 5.06198013354482e-16
47.7 4.65009068817045e-16
47.8 4.27169783097319e-16
47.9 3.92407905844346e-16
48 3.60473300930352e-16
48.1 3.31136151317333e-16
48.2 3.04185309546325e-16
48.3 2.79426782044665e-16
48.4 2.56682336402847e-16
48.5 2.35788221651351e-16
48.6 2.16593992375481e-16
48.7 1.98961428248602e-16
48.8 1.82763541246278e-16
48.9 1.67883663430864e-16
49 1.54214608772279e-16
49.1 1.4165790300019e-16
49.2 1.30123075969605e-16
49.3 1.19527011468998e-16
49.4 1.09793349811234e-16
49.5 1.00851938925207e-16
49.6 9.2638330013315e-17
49.7 8.50933141588548e-17
49.8 7.81624965606398e-17
49.9 7.17959053415282e-17
50 6.59476321251713e-17
50.1 6.05755018027889e-17
50.2 5.56407691209003e-17
50.3 5.11078399130573e-17
50.4 4.69440149752175e-17
50.5 4.311925474665e-17
50.6 3.96059631073707e-17
50.7 3.63787887401367e-17
50.8 3.3414442630928e-17
50.9 3.06915303975625e-17
51 2.81903982424087e-17
51.1 2.58929914228598e-17
51.2 2.3782724223021e-17
51.3 2.18443604925528e-17
51.4 2.00639038944263e-17
51.5 1.84284970730066e-17
51.6 1.6926329017886e-17
51.7 1.55465499577142e-17
51.8 1.42791931723087e-17
51.9 1.31151031610012e-17
52 1.20458696507994e-17
52.1 1.10637669698799e-17
52.2 1.01616983504542e-17
52.3 9.33314476044832e-18
52.4 8.57211789597129e-18
52.5 7.8731169964306e-18
52.6 7.23108917161984e-18
52.7 6.64139295533628e-18
52.8 6.09976482327076e-18
52.9 5.60228843421859e-18
53 5.14536637323149e-18
53.1 4.72569419331742e-18
53.2 4.34023656881989e-18
53.3 3.98620538879034e-18
53.4 3.6610396326187e-18
53.5 3.36238688300409e-18
53.6 3.08808634312415e-18
53.7 2.83615323568195e-18
53.8 2.60476447145026e-18
53.9 2.39224548406763e-18
54 2.19705813623176e-18
54.1 2.01778961014665e-18
54.2 1.85314220216372e-18
54.3 1.70192394806528e-18
54.4 1.56304001141854e-18
54.5 1.4354847729223e-18
54.6 1.31833456371545e-18
54.7 1.21074099025409e-18
54.8 1.11192480262401e-18
54.9 1.02117026206996e-18
55 9.3781996711874e-19
55.1 8.6127010097717e-19
55.2 7.90966065921213e-19
55.3 7.2639847318095e-19
55.4 6.6709945938805e-19
55.5 6.12639303005926e-19
55.6 5.62623316324948e-19
55.7 5.16688990591648e-19
55.8 4.74503373665657e-19
55.9 4.35760661274716e-19
56 4.00179984478321e-19
56.1 3.6750337736549e-19
56.2 3.37493910312098e-19
56.3 3.09933975317298e-19
56.4 2.84623711035693e-19
56.5 2.61379556129701e-19
56.6 2.40032920492378e-19
56.7 2.2042896474155e-19
56.8 2.02425479167404e-19
56.9 1.8589185403344e-19
57 1.70708133790161e-19
57.1 1.56764148366491e-19
57.2 1.43958715260462e-19
57.3 1.32198906661808e-19
57.4 1.21399376308711e-19
57.5 1.11481741212314e-19
57.6 1.02374013778831e-19
57.7 9.40100802231575e-20
57.8 8.63292215021922e-20
57.9 7.92756733033073e-20
58 7.27982219055317e-20
58.1 6.68498329902204e-20
58.2 6.13873107160812e-20
58.3 5.63709845921278e-20
58.4 5.17644218830528e-20
58.5 4.75341634660517e-20
58.6 4.3649481227656e-20
58.7 4.00821552448576e-20
58.8 3.6806269137842e-20
58.9 3.37980221130415e-20
59 3.1035556335917e-20
59.1 2.84987983837338e-20
59.2 2.61693136304403e-20
59.3 2.40301725092876e-20
59.4 2.20658276847625e-20
59.5 2.02620012443198e-20
59.6 1.86055810929013e-20
59.7 1.70845257998139e-20
59.8 1.56877772087028e-20
59.9 1.44051801775437e-20
60 1.3227408867174e-20
60.1 1.21458990442886e-20
60.2 1.11527859083628e-20
60.3 1.02408469919526e-20
60.4 9.4034497205572e-21
60.5 8.63450325196593e-21
60.6 7.92841424600062e-21
60.7 7.2800462440285e-21
60.8 6.68468236376388e-21
60.9 6.1379910388905e-21
61 5.63599455509215e-21
61.1 5.17504015433646e-21
61.2 4.75177349786495e-21
61.3 4.36311429543056e-21
61.4 4.00623392402232e-21
61.5 3.67853487373302e-21
61.6 3.37763187166793e-21
61.7 3.10133454695465e-21
61.8 2.84763151108447e-21
61.9 2.61467573807596e-21
62 2.40077113837413e-21
62.1 2.20436022905329e-21
62.2 2.02401281084127e-21
62.3 1.85841556978265e-21
62.4 1.70636252806449e-21
62.5 1.56674627468653e-21
62.6 1.43854991231379e-21
62.7 1.32083966184464e-21
62.8 1.21275807099824e-21
62.9 1.11351777760755e-21
63 1.02239578232838e-21
63.1 9.38728189171285e-22
63.2 8.61905375657751e-22
63.3 7.91367557519812e-22
63.4 7.26600715725661e-22
63.5 6.6713285624365e-22
63.6 6.12530575372003e-22
63.7 5.62395905680064e-22
63.8 5.16363419643651e-22
63.9 4.74097569928274e-22
64 4.35290246992055e-22
64.1 3.99658536258195e-22
64.2 3.6694265855618e-22
64.3 3.36904078861643e-22
64.4 3.09323769587388e-22
64.5 2.84000615800433e-22
64.6 2.60749950770935e-22
64.7 2.39402211205691e-22
64.8 2.19801702388281e-22
64.9 2.01805464246597e-22
65 1.85282230101699e-22
65.1 1.70111470525462e-22
65.2 1.56182515353001e-22
65.3 1.43393747463748e-22
65.4 1.31651862466787e-22
65.5 1.20871188904998e-22
65.6 1.10973064032479e-22
65.7 1.0188526062379e-22
65.8 9.35414606444171e-23
65.9 8.58807719527297e-23
66 7.88472845164563e-23
66.1 7.23896629140898e-23
66.2 6.64607721555173e-23
66.3 6.10173340984329e-23
66.4 5.6019611959663e-23
66.5 5.14311206248592e-23
66.6 4.7218360647665e-23
66.7 4.33505740018243e-23
66.8 3.97995198079071e-23
66.9 3.65392684016943e-23
67 3.35460122446902e-23
67.1 3.07978922997872e-23
67.2 2.82748386076594e-23
67.3 2.59584239027853e-23
67.4 2.38317292029188e-23
67.5 2.18792203929644e-23
67.6 2.00866349042396e-23
67.7 1.84408776636039e-23
67.8 1.69299255544017e-23
67.9 1.55427396931484e-23
68 1.42691848827864e-23
68.1 1.30999556555887e-23
68.2 1.20265083667812e-23
68.3 1.10409988440062e-23
68.4 1.01362251382175e-23
68.5 9.3055749587491e-24
68.6 8.54297740941431e-24
68.7 7.84285867382703e-24
68.8 7.2001013268963e-24
68.9 6.61000697586909e-24
69 6.06826195854865e-24
69.1 5.57090584858967e-24
69.2 5.1143025382282e-24
69.3 4.69511368758018e-24
69.4 4.31027434689203e-24
69.5 3.95697057396013e-24
69.6 3.63261888347687e-24
69.7 3.3348473784146e-24
69.8 3.06147842581645e-24
69.9 2.81051275062306e-24
70 2.58011483150015e-24
70.1 2.36859949212351e-24
70.2 2.17441959009511e-24
70.3 1.99615471366509e-24
70.4 1.83250080378446e-24
70.5 1.68226062575972e-24
70.6 1.54433502097666e-24
70.7 1.41771487484982e-24
70.8 1.30147374237679e-24
70.9 1.19476107747401e-24
71 1.09679601667401e-24
71.1 1.00686167180778e-24
71.2 9.24299890009817e-25
71.3 8.4850644279153e-25
71.4 7.78926609060125e-25
71.5 7.15051119833709e-25
71.6 6.56412435042708e-25
71.7 6.02581325231248e-25
71.8 5.53163733196545e-25
71.9 5.07797892647924e-25
72 4.6615168284247e-25
72.1 4.27920199876729e-25
72.2 3.92823526895473e-25
72.3 3.60604686930224e-25
72.4 3.31027763413692e-25
72.5 3.03876174640218e-25
72.6 2.78951089566223e-25
72.7 2.56069973376786e-25
72.8 2.3506525219168e-25
72.9 2.15783087154447e-25
73 1.98082248946617e-25
73.1 1.81833084502656e-25
73.2 1.66916568374606e-25
73.3 1.5322343181354e-25
73.4 1.40653363202664e-25
73.5 1.29114273998064e-25
73.6 1.18521624811543e-25
73.7 1.08797806709467e-25
73.8 9.98715732047798e-26
73.9 9.16775187898085e-26
74 8.41556001974797e-26
74.1 7.72506968907507e-26
74.2 7.09122075667646e-26
74.3 6.5093679725335e-26
74.4 5.97524695930665e-26
74.5 5.4849429916213e-26
74.6 5.03486233390793e-26
74.7 4.62170592717759e-26
74.8 4.24244523228135e-26
74.9 3.89430005296795e-26
75 3.57471817652474e-26
75.1 3.28135668307425e-26
75.2 3.01206478680014e-26
75.3 2.76486808357351e-26
75.4 2.53795408973652e-26
75.5 2.32965896623925e-26
75.6 2.13845533099388e-26
75.7 1.96294107026909e-26
75.8 1.80182906725187e-26
75.9 1.65393777261335e-26
76 1.51818254807245e-26
76.1 1.39356771960505e-26
76.2 1.27917928213803e-26
76.3 1.17417820233157e-26
76.4 1.07779427042992e-26
76.5 9.89320456176368e-27
76.6 9.0810772747647e-27
76.7 8.33560293879231e-27
76.8 7.65131240053826e-27
76.9 7.02318517293666e-27
77 6.44661263698766e-27
77.1 5.91736426093199e-27
77.2 5.43155658942153e-27
77.3 4.98562477560377e-27
77.4 4.57629644765209e-27
77.5 4.20056771835536e-27
77.6 3.85568116207118e-27
77.7 3.5391055977449e-27
77.8 3.24851752991801e-27
77.9 2.98178411178867e-27
78 2.73694750552697e-27
78.1 2.51221052528022e-27
78.2 2.30592345769295e-27
78.3 2.11657196338844e-27
78.4 1.94276597077454e-27
78.5 1.7832294808019e-27
78.6 1.63679120797427e-27
78.7 1.50237598903456e-27
78.8 1.37899689637221e-27
78.9 1.26574799835954e-27
79 1.16179771356212e-27
79.1 1.06638271011903e-27
79.2 9.78802305581653e-28
79.3 8.98413326165818e-28
79.4 8.2462538773792e-28
79.5 7.56896563944712e-28
79.6 6.94729409733415e-28
79.7 6.37667311112175e-28
79.8 5.85291134391346e-28
79.9 5.37216150340768e-28
80 4.93089210712174e-28
80.1 4.5258615642572e-28
80.2 4.1540943841698e-28
80.3 3.81285933699326e-28
80.4 3.49964940627504e-28
80.5 3.21216338661419e-28
80.6 2.94828899134963e-28
80.7 2.70608734641616e-28
80.8 2.48377875664494e-28
80.9 2.27972964011509e-28
81 2.09244053472346e-28
81.1 1.92053508900247e-28
81.2 1.76274995643048e-28
81.3 1.61792551910364e-28
81.4 1.48499737272018e-28
81.5 1.36298851040865e-28
81.6 1.25100214805782e-28
81.7 1.14821513850894e-28
81.8 1.05387192628982e-28
81.9 9.67278998534679e-29
82 8.87799791371982e-29
82.1 8.14850014403938e-29
82.2 7.47893358967114e-29
82.3 6.86437558679063e-29
82.4 6.30030773359891e-29
82.5 5.78258269789628e-29
82.6 5.30739374940153e-29
82.7 4.8712467931905e-29
82.8 4.4709346989775e-29
82.9 4.10351373780961e-29
83 3.76628195320215e-29
83.1 3.4567593079413e-29
83.2 3.17266946080637e-29
83.3 2.91192303942515e-29
83.4 2.6726022864562e-29
83.5 2.45294696636776e-29
83.6 2.25134142933663e-29
83.7 2.06630273728124e-29
83.8 1.89646976483865e-29
83.9 1.74059319525235e-29
84 1.59752633770447e-29
84.1 1.46621669865749e-29
84.2 1.34569824530431e-29
84.3 1.23508430430659e-29
84.4 1.13356104366533e-29
84.5 1.04038148984816e-29
84.6 9.54860036228085e-30
84.7 8.76367402495484e-30
84.8 8.04326008016111e-30
84.9 7.38205725147899e-30
85 6.77519981318689e-30
85.1 6.2182218122866e-30
85.2 5.70702422891688e-30
85.3 5.2378448338779e-30
85.4 4.80723052179886e-30
85.5 4.41201191665844e-30
85.6 4.04928006306198e-30
85.7 3.71636503199613e-30
85.8 3.41081628384411e-30
85.9 3.13038464435487e-30
86 2.87300576110471e-30
86.1 2.63678491886843e-30
86.2 2.4199831022982e-30
86.3 2.22100420347288e-30
86.4 2.03838328029132e-30
86.5 1.87077577940364e-30
86.6 1.71694764446225e-30
86.7 1.57576623697853e-30
86.8 1.44619200304217e-30
86.9 1.327270824642e-30
87 1.21812699935625e-30
87.1 1.1179567967996e-30
87.2 1.02602254445197e-30
87.3 9.41647199384757e-31
87.4 8.64209365971945e-31
87.5 7.93138722950548e-31
87.6 7.27911826204529e-31
87.7 6.68048256407442e-31
87.8 6.13107083194106e-31
87.9 5.62683619858762e-31
88 5.1640644471231e-31
88.1 4.73934667192121e-31
88.2 4.34955418616861e-31
88.3 3.99181549130591e-31
88.4 3.66349513896297e-31
88.5 3.36217432990383e-31
88.6 3.0856331072705e-31
88.7 2.83183401313577e-31
88.8 2.598907088136e-31
88.9 2.38513610383239e-31
89 2.18894592651252e-31
89.1 2.00889091946654e-31
89.2 1.84364429840864e-31
89.3 1.69198836172431e-31
89.4 1.55280552365937e-31
89.5 1.42507008447063e-31
89.6 1.3078406769805e-31
89.7 1.20025333395202e-31
89.8 1.10151512526777e-31
89.9 1.01089831808812e-31
90 9.27735017010851e-32
90.1 8.51412244785901e-32
90.2 7.81367427379832e-32
90.3 7.17084250159451e-32
90.4 6.5808885469487e-32
90.5 6.03946348187814e-32
90.6 5.542575998319e-32
90.7 5.0865630052247e-32
90.8 4.66806264271475e-32
90.9 4.28398951461744e-32
91 3.93151195707114e-32
91.1 3.60803117583583e-32
91.2 3.31116209871721e-32
91.3 3.03871580212816e-32
91.4 2.78868338239971e-32
91.5 2.55922115308444e-32
91.6 2.34863705925764e-32
91.7 2.15537820877762e-32
91.8 1.97801942868888e-32
91.9 1.81525276249849e-32
92 1.66587783098132e-32
92.1 1.52879298552713e-32
92.2 1.40298718887728e-32
92.3 1.28753256345299e-32
92.4 1.18157755239355e-32
92.5 1.08434064293236e-32
92.6 9.95104605880292e-33
92.7 9.13211208785437e-33
92.8 8.3805636382584e-33
92.9 7.69085674693765e-33
93 7.05790349667135e-33
93.1 6.47703450761207e-33
93.2 5.94396451327969e-33
93.3 5.45476076742399e-33
93.4 5.00581404899835e-33
93.5 4.59381205161696e-33
93.6 4.21571496143486e-33
93.7 3.86873304350536e-33
93.8 3.55030607146365e-33
93.9 3.25808444896445e-33
94 2.9899118837612e-33
94.1 2.74380948675246e-33
94.2 2.51796117881827e-33
94.3 2.31070029790251e-33
94.4 2.1204973076409e-33
94.5 1.94594851694784e-33
94.6 1.78576572742502e-33
94.7 1.63876673228959e-33
94.8 1.50386659679358e-33
94.9 1.38006965586542e-33
95 1.26646216998734e-33
95.1 1.16220558517456e-33
95.2 1.06653034737228e-33
95.3 9.78730225672477e-34
95.4 8.98157102502453e-34
95.5 8.24216192377596e-34
95.6 7.56361653970043e-34
95.7 6.94092563142984e-34
95.8 6.36949217261017e-34
95.9 5.84509743528538e-34
96 5.36386986348821e-34
96.1 4.92225650753351e-34
96.2 4.51699680838193e-34
96.3 4.14509853876484e-34
96.4 3.80381572366239e-34
96.5 3.49062837731336e-34
96.6 3.20322390733111e-34
96.7 2.93948004878663e-34
96.8 2.69744920240035e-34
96.9 2.47534406133691e-34
97 2.27152442059552e-34
97.1 2.08448507171014e-34
97.2 1.91284469347407e-34
97.3 1.75533565674796e-34
97.4 1.61079466815147e-34
97.5 1.47815418362246e-34
97.6 1.35643452850674e-34
97.7 1.24473666604999e-34
97.8 1.14223556094567e-34
97.9 1.04817408898123e-34
98 9.6185744785157e-35
98.1 8.82648027905856e-35
98.2 8.09960704985131e-35
98.3 7.43258520621417e-35
98.4 6.82048717726529e-35
98.5 6.25879102520154e-35
98.6 5.74334705853777e-35
98.7 5.27034719295049e-35
98.8 4.83629683364047e-35
98.9 4.43798907173161e-35
99 4.07248100428984e-35
99.1 3.73707200321614e-35
99.2 3.42928377264251e-35
99.3 3.1468420476548e-35
99.4 2.88765979927758e-35
99.5 2.64982182176622e-35
99.6 2.43157058845321e-35
99.7 2.23129327175341e-35
99.8 2.0475098315239e-35
99.9 1.87886208385695e-35
100 1.72410366961874e-35
100.1 1.58209084868673e-35
100.2 1.45177405193097e-35
100.3 1.33219012857645e-35
100.4 1.22245523171606e-35
100.5 1.12175828945225e-35
100.6 1.02935501346838e-35
100.7 9.44562400796709e-36
100.8 8.66753688189946e-36
100.9 7.95353721844383e-36
101 7.29834708287589e-36
101.1 6.69712315057745e-36
101.2 6.14542092383212e-36
101.3 5.63916189440425e-36
101.4 5.17460340943055e-36
101.5 4.74831101810393e-36
101.6 4.35713309494815e-36
101.7 3.99817755228427e-36
101.8 3.66879046991553e-36
101.9 3.36653648421112e-36
102 3.0891807917578e-36
102.1 2.83467263467066e-36
102.2 2.60113014559227e-36
102.3 2.38682644044883e-36
102.4 2.19017685624626e-36
102.5 2.00972723964204e-36
102.6 1.84414319978941e-36
102.7 1.69220024606975e-36
102.8 1.55277473786353e-36
102.9 1.42483557950774e-36
103 1.30743659908922e-36
103.1 1.1997095547749e-36
103.2 1.10085771701356e-36
103.3 1.01014997919688e-36
103.4 9.2691545327089e-37
103.5 8.50538510370215e-37
103.6 7.80454229834627e-37
103.7 7.16144222983808e-37
103.8 6.57132800794087e-37
103.9 6.02983457161543e-37
104 5.53295641766481e-37
104.1 5.07701798694028e-37
104.2 4.65864648928446e-37
104.3 4.27474696640308e-37
104.4 3.9224794083921e-37
104.5 3.59923775481458e-37
104.6 3.30263062514778e-37
104.7 3.03046363619551e-37
104.8 2.78072317578557e-37
104.9 2.55156151283321e-37
105 2.34128313372277e-37
105.1 2.14833220402322e-37
105.2 1.97128106286617e-37
105.3 1.80881966494623e-37
105.4 1.65974589210609e-37
105.5 1.5229566628936e-37
105.6 1.39743977437535e-37
105.7 1.28226641590258e-37
105.8 1.17658429949016e-37
105.9 1.07961135602743e-37
106 9.90629950720112e-38
106.1 9.08981575000832e-38
106.2 8.34061975666757e-38
106.3 7.65316685234173e-38
106.4 7.02236920465858e-38
106.5 6.44355818747532e-38
106.6 5.91244984487533e-38
106.7 5.42511320005008e-38
106.8 4.9779411747479e-38
106.9 4.56762390427137e-38
107 4.19112425070855e-38
107.1 3.84565533333751e-38
107.2 3.52865991005267e-38
107.3 3.23779145734545e-38
107.4 2.9708968089307e-38
107.5 2.72600022463091e-38
107.6 2.50128877170578e-38
107.7 2.29509891051752e-38
107.8 2.1059041853261e-38
107.9 1.93230392918068e-38
108 1.77301289936974e-38
108.1 1.62685176677479e-38
108.2 1.49273838878511e-38
108.3 1.36967980122508e-38
108.4 1.2567648700633e-38
108.5 1.15315754854985e-38
108.6 1.05809068990693e-38
108.7 9.70860369805009e-39
108.8 8.90820676627086e-39
108.9 8.17378930983431e-39
109 7.49991299112873e-39
109.1 6.88158767720594e-39
109.2 6.31423450474966e-39
109.3 5.79365198838981e-39
109.4 5.31598492163026e-39
109.5 4.87769584030871e-39
109.6 4.4755388374636e-39
109.7 4.10653553587487e-39
109.8 3.76795304050409e-39
109.9 3.45728370770757e-39
110 3.17222658153106e-39
110.1 2.91067035973048e-39
110.2 2.67067776347643e-39
110.3 2.45047119508509e-39
110.4 2.2484195776474e-39
110.5 2.06302627917043e-39
110.6 1.8929180318699e-39
110.7 1.73683476461402e-39
110.8 1.59362027327497e-39
110.9 1.46221365994434e-39
111 1.34164147765633e-39
111.1 1.23101052248374e-39
111.2 1.12950121966077e-39
111.3 1.03636155478249e-39
111.4 9.50901505164074e-40
111.5 8.72487930143542e-40
111.6 8.00539882508256e-40
111.7 7.34524306341332e-40
111.8 6.73952089443656e-40
111.9 6.18374441111518e-40
112 5.67379568457007e-40
112.1 5.20589626668282e-40
112.2 4.77657920633777e-40
112.3 4.38266337214769e-40
112.4 4.02122989158007e-40
112.5 3.68960053206058e-40
112.6 3.3853178640077e-40
112.7 3.1061270589385e-40
112.8 2.84995918788819e-40
112.9 2.6149158964929e-40
113 2.39925534327205e-40
113.1 2.20137929699988e-40
113.2 2.01982129763355e-40
113.3 1.85323579313899e-40
113.4 1.70038817177978e-40
113.5 1.56014561606258e-40
113.6 1.43146871061609e-40
113.7 1.31340374186134e-40
113.8 1.20507563245221e-40
113.9 1.10568145816574e-40
114 1.01448449923226e-40
114.1 9.30808782053543e-41
114.2 8.54034070887301e-41
114.3 7.83591272407525e-41
114.4 7.18958219108078e-41
114.5 6.59655800320914e-41
114.6 6.05244412195015e-41
114.7 5.5532070034339e-41
114.8 5.09514571032677e-41
114.9 4.6748644877866e-41
115 4.28924760035196e-41
115.1 3.93543624338734e-41
115.2 3.61080735806555e-41
115.3 3.31295419296657e-41
115.4 3.03966846830682e-41
115.5 2.78892401068005e-41
115.6 2.55886173708376e-41
115.7 2.34777587699563e-41
115.8 2.15410133043458e-41
115.9 1.97640206835524e-41
116 1.81336048944272e-41
116.1 1.6637676544604e-41
116.2 1.52651432580155e-41
116.3 1.40058274586041e-41
116.4 1.28503909331107e-41
116.5 1.17902656140287e-41
116.6 1.08175900698978e-41
116.7 9.92515123237928e-42
116.8 9.10633092834903e-42
116.9 8.35505682084397e-42
117 7.66575739534893e-42
117.1 7.0333206578876e-42
117.2 6.45305623887313e-42
117.3 5.92066062190754e-42
117.4 5.43218523987005e-42
117.5 4.9840072018754e-42
117.6 4.57280243417742e-42
117.7 4.19552103597554e-42
117.8 3.84936466749239e-42
117.9 3.53176580275018e-42
118 3.24036869328647e-42
118.1 2.97301190173022e-42
118.2 2.72771227578903e-42
118.3 2.50265024387179e-42
118.4 2.29615632336549e-42
118.5 2.1066987415687e-42
118.6 1.93287207753102e-42
118.7 1.77338684061194e-42
118.8 1.62705990851419e-42
118.9 1.4928057539164e-42
119 1.36962839467345e-42
119.1 1.25661400791524e-42
119.2 1.15292415329503e-42
119.3 1.05778955515256e-42
119.4 9.70504397499981e-43
119.5 8.90421089538692e-43
119.6 8.1694546290327e-43
119.7 7.49532365027929e-43
119.8 6.87681615967112e-43
119.9 6.3093429869601e-43
120 5.7886935538804e-43
120.1 5.31100464434831e-43
120.2 4.87273175054905e-43
120.3 4.47062278246616e-43
120.4 4.10169394593142e-43
120.5 3.7632076103437e-43
120.6 3.45265200195825e-43
120.7 3.16772257217887e-43
120.8 2.90630490270225e-43
120.9 2.66645902075895e-43
121 2.44640500814683e-43
121.1 2.24450979734601e-43
121.2 2.05927505680435e-43
121.3 1.88932607555739e-43
121.4 1.73340156475653e-43
121.5 1.59034430047595e-43
121.6 1.45909253840751e-43
121.7 1.33867213677533e-43
121.8 1.22818932905249e-43
121.9 1.12682409288153e-43
122 1.03382406601954e-43
122.1 9.48498964186421e-44
122.2 8.70215459415181e-44
122.3 7.98392480918544e-44
122.4 7.32496903619258e-44
122.5 6.72039592365654e-44
122.6 6.16571772492286e-44
122.7 5.65681699805063e-44
122.8 5.18991605290889e-44
122.9 4.7615489188938e-44
123 4.36853562533224e-44
123.1 4.007958603791e-44
123.2 3.67714103724705e-44
123.3 3.37362699551214e-44
123.4 3.09516320955521e-44
123.5 2.83968234951843e-44
123.6 2.605287682378e-44
123.7 2.39023899543221e-44
123.8 2.19293968118772e-44
123.9 2.01192488783125e-44
124 1.84585064737519e-44
124.1 1.69348390081972e-44
124.2 1.5536933463266e-44
124.3 1.42544104250456e-44
124.4 1.30777470450858e-44
124.5 1.19982063579336e-44
124.6 1.10077724307771e-44
124.7 1.00990908640234e-44
124.8 9.26541420133212e-45
124.9 8.50055184404908e-45
125 7.79882409839873e-45
125.1 7.15502001445421e-45
125.2 6.56435870403626e-45
125.3 6.02245385049924e-45
125.4 5.52528114704826e-45
125.5 5.06914842195317e-45
125.6 4.6506682289656e-45
125.7 4.26673269953241e-45
125.8 3.91449047018106e-45
125.9 3.59132551385187e-45
126 3.29483771807555e-45
126.1 3.02282506585959e-45
126.2 2.77326728703682e-45
126.3 2.54431085874137e-45
126.4 2.33425524368938e-45
126.5 2.14154026412468e-45
126.6 1.96473451771932e-45
126.7 1.80252474944926e-45
126.8 1.65370610056031e-45
126.9 1.51717316224835e-45
127 1.39191176764919e-45
127.1 1.27699146121349e-45
127.2 1.17155858956822e-45
127.3 1.07482996257911e-45
127.4 9.86087037560348e-46
127.5 9.04670583459927e-46
127.6 8.29975785411938e-46
127.7 7.61447753315072e-46
127.8 6.98577401095286e-46
127.9 6.40897666062295e-46
128 5.87980040293185e-46
128.1 5.39431388293049e-46
128.2 4.94891027306999e-46
128.3 4.54028048607782e-46
128.4 4.16538859871578e-46
128.5 3.82144930396178e-46
128.6 3.50590722420914e-46
128.7 3.21641793189514e-46
128.8 2.95083053664376e-46
128.9 2.7071717096364e-46
129 2.48363102659435e-46
129.1 2.27854752054465e-46
129.2 2.09039734452252e-46
129.3 1.91778245260382e-46
129.4 1.75942021521978e-46
129.5 1.61413389164437e-46
129.6 1.48084388890658e-46
129.7 1.35855974221953e-46
129.8 1.24637275737513e-46
129.9 1.14344926046699e-46
130 1.04902440481489e-46
130.1 9.62396489099664e-47
130.2 8.82921744514054e-47
130.3 8.10009552217154e-47
130.4 7.43118055574881e-47
130.5 6.81750134600951e-47
130.6 6.25449712701503e-47
130.7 5.73798368294532e-47
130.8 5.26412226138988e-47
130.9 4.82939105285335e-47
131 4.43055902465214e-47
131.1 4.06466191485945e-47
131.2 3.72898020799786e-47
131.3 3.42101892889579e-47
131.4 3.13848910462381e-47
131.5 2.87929075681848e-47
131.6 2.64149729806273e-47
131.7 2.42334121642146e-47
131.8 2.22320094179748e-47
131.9 2.03958879654846e-47
132 1.87113994086115e-47
132.1 1.71660223076402e-47
132.2 1.57482691344004e-47
132.3 1.44476009071915e-47
132.4 1.32543488733531e-47
132.5 1.21596426576857e-47
132.6 1.11553443429412e-47
132.7 1.02339879926696e-47
132.8 9.3887241671339e-48
132.9 8.6132690200863e-48
133 7.90185759823657e-48
133.1 7.24920099645041e-48
133.2 6.65044705036341e-48
133.3 6.10114427437233e-48
133.4 5.59720877706968e-48
133.5 5.13489390831266e-48
133.6 4.71076241240279e-48
133.7 4.32166088047407e-48
133.8 3.96469631226736e-48
133.9 3.63721461313698e-48
134 3.33678086651677e-48
134.1 3.06116123525885e-48
134.2 2.80830635736204e-48
134.3 2.57633611270914e-48
134.4 2.36352564761708e-48
134.5 2.16829255335065e-48
134.6 1.98918510332276e-48
134.7 1.8248714615707e-48
134.8 1.67412978231465e-48
134.9 1.53583912702425e-48
135 1.40897113149531e-48
135.1 1.29258236100932e-48
135.2 1.1858072967627e-48
135.3 1.08785190144267e-48
135.4 9.97987716129836e-49
135.5 9.15546444656623e-49
135.6 8.39914985171748e-49
135.7 7.70530871984794e-49
135.8 7.06878093813626e-49
135.9 6.4848325735403e-49
136 5.94912067657948e-49
136.1 5.45766099160155e-49
136.2 5.00679833353645e-49
136.3 4.59317941095495e-49
136.4 4.21372789342822e-49
136.5 3.86562153786651e-49
136.6 3.54627120381413e-49
136.7 3.25330160171815e-49
136.8 2.98453363106813e-49
136.9 2.73796817711798e-49
137 2.51177124574536e-49
137.1 2.30426032594591e-49
137.2 2.11389187858604e-49
137.3 1.93924985840872e-49
137.4 1.7790351839653e-49
137.5 1.63205607719426e-49
137.6 1.49721920082965e-49
137.7 1.37352152775345e-49
137.8 1.26004288184649e-49
137.9 1.15593909488313e-49
138 1.06043572859574e-49
138.1 9.7282231523435e-50
138.2 8.92447073802271e-50
138.3 8.18712062684014e-50
138.4 7.51068732625755e-50
138.5 6.89013847005083e-50
138.6 6.32085739056753e-50
138.7 5.79860878226313e-50
138.8 5.3195072012162e-50
138.9 4.87998816640185e-50
139 4.47678164785155e-50
139.1 4.10688774456594e-50
139.2 3.76755437133097e-50
139.3 3.45625678852192e-50
139.4 3.17067882268047e-50
139.5 2.90869563822392e-50
139.6 2.66835793217426e-50
139.7 2.44787743437746e-50
139.8 2.24561360538918e-50
139.9 2.06006143310678e-50
140 1.88984023739936e-50
140.1 1.73368339947997e-50
140.2 1.59042893964143e-50
140.3 1.45901087328504e-50
140.4 1.33845128095803e-50
140.5 1.2278530334257e-50
140.6 1.12639311767415e-50
140.7 1.03331651420834e-50
140.8 9.47930580109898e-51
140.9 8.69599896079166e-51
141 7.97741539137625e-51
141.1 7.31820745830848e-51
141.2 6.71346933676864e-51
141.3 6.15870051268799e-51
141.4 5.64977229884331e-51
141.5 5.18289711697457e-51
141.6 4.7546003174439e-51
141.7 4.3616943268296e-51
141.8 4.0012549311616e-51
141.9 3.67059951838492e-51
142 3.3672671182137e-51
142.1 3.08900009090139e-51
142.2 2.8337273287191e-51
142.3 2.59954884518429e-51
142.4 2.38472163740266e-51
142.5 2.18764671635665e-51
142.6 2.00685720865948e-51
142.7 1.84100744126375e-51
142.8 1.68886292792498e-51
142.9 1.54929118292688e-51
143 1.42125329372989e-51
143.1 1.30379618984816e-51
143.2 1.19604555043984e-51
143.3 1.09719929784627e-51
143.4 1.00652162867394e-51
143.5 9.23337538012699e-52
143.6 8.47027796050613e-52
143.7 7.77024339712277e-52
143.8 7.12806045034235e-52
143.9 6.53894848823264e-52
144 5.99852190742314e-52
144.1 5.50275749351855e-52
144.2 5.04796447821668e-52
144.3 4.63075707034173e-52
144.4 4.24802925640751e-52
144.5 3.89693168321144e-52
144.6 3.57485045044793e-52
144.7 3.27938765554048e-52
144.8 3.00834354592888e-52
144.9 2.75970014600474e-52
145 2.53160623686379e-52
145.1 2.32236357710472e-52
145.2 2.13041426214042e-52
145.3 1.95432912795745e-52
145.4 1.79279711303018e-52
145.5 1.6446154992267e-52
145.6 1.508680959082e-52
145.7 1.3839813428151e-52
145.8 1.26958814397043e-52
145.9 1.16464958761329e-52
146 1.06838428964221e-52
146.1 9.80075440029907e-53
146.2 8.99065466703548e-53
146.3 8.24751140351748e-53
146.4 7.56579083726215e-53
146.5 6.9404165201664e-53
146.6 6.36673153638193e-53
146.7 5.84046383304478e-53
146.8 5.35769441582722e-53
146.9 4.91482817259577e-53
147 4.50856710802276e-53
147.1 4.13588578993518e-53
147.2 3.79400882464745e-53
147.3 3.48039019362469e-53
147.4 3.19269429767269e-53
147.5 2.92877856756307e-53
147.6 2.68667751165569e-53
147.7 2.46458808177778e-53
147.8 2.26085624842995e-53
147.9 2.0739646853884e-53
148 1.90252147203218e-53
148.1 1.74524972929637e-53
148.2 1.60097811210262e-53
148.3 1.46863208749276e-53
148.4 1.34722593353848e-53
148.5 1.23585539946661e-53
148.6 1.13369097235923e-53
148.7 1.03997170030407e-53
148.8 9.53999526011817e-54
148.9 8.75134088717115e-54
149 8.0278795566527e-54
149.1 7.36422247684742e-54
149.2 6.75542626278743e-54
149.3 6.19695612360545e-54
149.4 5.68465209225437e-54
149.5 5.21469804617666e-54
149.6 4.7835932882763e-54
149.7 4.38812647660919e-54
149.8 4.02535170869203e-54
149.9 3.69256658236681e-54
150 3.38729206987706e-54
150.1 3.10725405530565e-54
150.2 2.85036639790997e-54
150.3 2.61471539524953e-54
150.4 2.39854553042081e-54
150.5 2.20024639727679e-54
150.6 2.01834070627595e-54
150.7 1.85147328165234e-54
150.8 1.69840096797887e-54
150.9 1.55798337096511e-54
151 1.42917436354438e-54
151.1 1.31101429400034e-54
151.2 1.20262283811201e-54
151.3 1.10319244209035e-54
151.4 1.0119823074783e-54
151.5 9.28312873222364e-55
151.6 8.51560753824315e-55
151.7 7.81154095878674e-55
151.8 7.16568318416282e-55
151.9 6.57322205332014e-55
152 6.02974320797031e-55
152.1 5.53119720960144e-55
152.2 5.07386937449627e-55
152.3 4.65435210210663e-55
152.4 4.26951949069971e-55
152.5 3.91650405122925e-55
152.6 3.5926753460041e-55
152.7 3.29562039306291e-55
152.8 3.02312569031185e-55
152.9 2.77316072554419e-55
153 2.543862849526e-55
153.1 2.33352339948293e-55
153.2 2.14057496963497e-55
153.3 1.96357973396846e-55
153.4 1.80121873427008e-55
153.5 1.65228205363783e-55
153.6 1.51565980227677e-55
153.7 1.39033384843801e-55
153.8 1.27537023290799e-55
153.9 1.16991221054707e-55
154 1.07317386704549e-55
154.1 9.84434263349449e-56
154.2 9.03032064140072e-56
154.3 8.28360610352733e-56
154.4 7.59863399032421e-56
154.5 6.97029936853716e-56
154.6 6.39391936417655e-56
154.7 5.86519826990851e-56
154.8 5.38019553693895e-56
154.9 4.93529641295278e-56
155 4.52718500737301e-56
155.1 4.15281958328856e-56
155.2 3.80940989198508e-56
155.3 3.49439638122538e-56
155.4 3.20543112238779e-56
155.5 2.94036031437005e-56
155.6 2.69720823391428e-56
155.7 2.47416251278271e-56
155.8 2.26956063209642e-56
155.9 2.08187753321873e-56
156 1.90971425288011e-56
156.1 1.75178749787249e-56
156.2 1.60692008164069e-56
156.3 1.47403215151761e-56
156.4 1.35213314124247e-56
156.5 1.24031438880204e-56
156.6 1.13774236459299e-56
156.7 1.04365245944942e-56
156.8 9.5734328625108e-57
156.9 8.78171452653759e-57
157 8.05546765993259e-57
157.1 7.38927834634189e-57
157.2 6.77818032988516e-57
157.3 6.21761800137863e-57
157.4 5.70341244479779e-57
157.5 5.23173029097463e-57
157.6 4.7990551464443e-57
157.7 4.40216138454215e-57
157.8 4.03809010344962e-57
157.9 3.70412707203815e-57
158 3.39778249916598e-57
158.1 3.11677247567211e-57
158.2 2.85900195077481e-57
158.3 2.62254911601303e-57
158.4 2.4056510803604e-57
158.5 2.20669072975892e-57
158.6 2.0241846731471e-57
158.7 1.85677218515264e-57
158.8 1.70320506304562e-57
158.9 1.56233832236251e-57
159 1.4331216618591e-57
159.1 1.31459163418417e-57
159.2 1.20586446392459e-57
159.3 1.10612945949591e-57
159.4 1.01464296977917e-57
159.5 9.30722840462605e-58
159.6 8.53743328771897e-58
159.7 7.8313043868805e-58
159.8 7.1835764188549e-58
159.9 6.58941952498091e-58
160 6.04440326456934e-58
160.1 5.54446358562949e-58
160.2 5.08587252676404e-58
160.3 4.66521042440327e-58
160.4 4.27934041822674e-58
160.5 3.92538506474244e-58
160.6 3.60070488470896e-58
160.7 3.30287868449748e-58
160.8 3.02968550471191e-58
160.9 2.77908806151348e-58
161 2.54921755722134e-58
161.1 2.33835974696632e-58
161.2 2.14494215753691e-58
161.3 1.96752236314303e-58
161.4 1.80477723070313e-58
161.5 1.65549305448396e-58
161.6 1.51855650655284e-58
161.7 1.39294633558262e-58
161.8 1.27772575212685e-58
161.9 1.17203544360089e-58
162 1.07508716689697e-58
162.1 9.86157870867751e-59
162.2 9.04584304862363e-59
162.3 8.29758073121556e-59
162.4 7.61121098163003e-59
162.5 6.98161459335526e-59
162.6 6.404095755182e-59
162.7 5.87434703505637e-59
162.8 5.38841725973594e-59
162.9 4.94268205078447e-59
163 4.53381679723532e-59
163.1 4.15877186342265e-59
163.2 3.81474984714083e-59
163.3 3.49918471857555e-59
163.4 3.20972268447488e-59
163.5 2.94420463488593e-59
163.6 2.70065004158318e-59
163.7 2.477242188137e-59
163.8 2.27231462149653e-59
163.9 2.0843387240708e-59
164 1.91191231364271e-59
164.1 1.75374918611502e-59
164.2 1.60866952311627e-59
164.3 1.47559109294231e-59
164.4 1.35352117922435e-59
164.5 1.24154917713963e-59
164.6 1.13883980195805e-59
164.7 1.04462685928375e-59
164.8 9.58207530537736e-60
164.9 8.78937131070629e-60
165 8.06224301816986e-60
165.1 7.39526598636303e-60
165.2 6.78346446450569e-60
165.3 6.22227428007977e-60
165.4 5.70750879598195e-60
165.5 5.23532768332556e-60
165.6 4.80220827702439e-60
165.7 4.40491930054909e-60
165.8 4.04049676390986e-60
165.9 3.70622185512912e-60
166 3.3996006603275e-60
166.1 3.11834556118509e-60
166.2 2.86035817104728e-60
166.3 2.62371368241638e-60
166.4 2.40664650909795e-60
166.5 2.20753711592181e-60
166.6 2.02489993781562e-60
166.7 1.85737229813186e-60
166.8 1.70370424357985e-60
166.9 1.56274921995179e-60
167 1.43345551909974e-60
167.1 1.31485843337344e-60
167.2 1.20607305900443e-60
167.3 1.10628769476079e-60
167.4 1.0147577866376e-60
167.5 9.30800373418786e-61
167.6 8.53788991682552e-61
167.7 7.83149002248532e-61
167.8 7.18353303207795e-61
167.9 6.58918397560538e-61
168 6.04400786130262e-61
168.1 5.54393658849634e-61
168.2 5.08523859738409e-61
168.3 4.66449102935034e-61
168.4 4.27855419016038e-61
168.5 3.92454812554841e-61
168.6 3.59983113447153e-61
168.7 3.30198005975409e-61
168.8 3.02877220910129e-61
168.9 2.7781687716253e-61
169 2.54829960617773e-61
169.1 2.33744928801658e-61
169.2 2.1440443097213e-61
169.3 1.96664134087762e-61
169.4 1.80391645895348e-61
169.5 1.65465527102937e-61
169.6 1.51774385269249e-61
169.7 1.39216043649951e-61
169.8 1.27696778800306e-61
169.9 1.17130621246727e-61
170 1.07438714010078e-61
