0.0 1.252e-274
0.1 4.551e-274
0.2 1.652e-273
0.3 5.99e-273
0.4 2.168e-272
0.5 7.837e-272
0.6 2.829e-271
0.7 1.019e-270
0.8 3.669e-270
0.9 1.318e-269
1.0 4.73e-269
1.1 1.695e-268
1.2 6.064e-268
1.3 2.166e-267
1.4 7.727e-267
1.5 2.753e-266
1.6 9.79e-266
1.7 3.477e-265
1.8 1.233e-264
1.9 4.367e-264
2.0 1.544e-263
2.1 5.452e-263
2.2 1.922e-262
2.3 6.768e-262
2.4 2.379e-261
2.5 8.353e-261
2.6 2.928e-260
2.7 1.025e-259
2.8 3.582e-259
2.9 1.25e-258
3.0 4.357e-258
3.1 1.516e-257
3.2 5.268e-257
3.3 1.828e-256
3.4 6.334e-256
3.5 2.191e-255
3.6 7.571e-255
3.7 2.612e-254
3.8 8.997e-254
3.9 3.095e-253
4.0 1.063e-252
4.1 3.646e-252
4.2 1.249e-251
4.3 4.27e-251
4.4 1.458e-250
4.5 4.972e-250
4.6 1.693e-249
4.7 5.757e-249
4.8 1.955e-248
4.9 6.627e-248
5.0 2.244e-247
5.1 7.585e-247
5.2 2.56e-246
5.3 8.631e-246
5.4 2.905e-245
5.5 9.764e-245
5.6 3.277e-244
5.7 1.098e-243
5.8 3.676e-243
5.9 1.228e-242
6.0 4.099e-242
6.1 1.366e-241
6.2 4.545e-241
6.3 1.51e-240
6.4 5.011e-240
6.5 1.66e-239
6.6 5.492e-239
6.7 1.814e-238
6.8 5.986e-238
6.9 1.972e-237
7.0 6.486e-237
7.1 2.13e-236
7.2 6.988e-236
7.3 2.289e-235
7.4 7.486e-235
7.5 2.445e-234
7.6 7.974e-234
7.7 2.597e-233
7.8 8.444e-233
7.9 2.742e-232
8.0 8.892e-232
8.1 2.879e-231
8.2 9.31e-231
8.3 3.006e-230
8.4 9.693e-230
8.5 3.121e-229
8.6 1.003e-228
8.7 3.221e-228
8.8 1.033e-227
8.9 3.306e-227
9.0 1.057e-226
9.1 3.374e-226
9.2 1.075e-225
9.3 3.423e-225
9.4 1.088e-224
9.5 3.454e-224
9.6 1.095e-223
9.7 3.465e-223
9.8 1.095e-222
9.9 3.457e-222
10.0 1.089e-221
10.1 3.429e-221
10.2 1.078e-220
10.3 3.382e-220
10.4 1.06e-219
10.5 3.316e-219
10.6 1.036e-218
10.7 3.234e-218
10.8 1.008e-217
10.9 3.136e-217
11.0 9.744e-217
11.1 3.024e-216
11.2 9.369e-216
11.3 2.899e-215
11.4 8.957e-215
11.5 2.764e-214
11.6 8.516e-214
11.7 2.62e-213
11.8 8.05e-213
11.9 2.47e-212
12.0 7.567e-212
12.1 2.315e-211
12.2 7.073e-211
12.3 2.158e-210
12.4 6.575e-210
12.5 2e-209
12.6 6.077e-209
12.7 1.844e-208
12.8 5.585e-208
12.9 1.69e-207
13.0 5.104e-207
13.1 1.54e-206
13.2 4.639e-206
13.3 1.396e-205
13.4 4.192e-205
13.5 1.258e-204
13.6 3.767e-204
13.7 1.127e-203
13.8 3.367e-203
13.9 1.004e-202
14.0 2.992e-202
14.1 8.9e-202
14.2 2.644e-201
14.3 7.843e-201
14.4 2.323e-200
14.5 6.873e-200
14.6 2.03e-199
14.7 5.99e-199
14.8 1.764e-198
14.9 5.191e-198
15.0 1.525e-197
15.1 4.473e-197
15.2 1.31e-196
15.3 3.833e-196
15.4 1.12e-195
15.5 3.267e-195
15.6 9.517e-195
15.7 2.769e-194
15.8 8.043e-194
15.9 2.333e-193
16.0 6.76e-193
16.1 1.956e-192
16.2 5.65e-192
16.3 1.63e-191
16.4 4.696e-191
16.5 1.351e-190
16.6 3.881e-190
16.7 1.114e-189
16.8 3.19e-189
16.9 9.128e-189
17.0 2.608e-188
17.1 7.441e-188
17.2 2.12e-187
17.3 6.032e-187
17.4 1.714e-186
17.5 4.863e-186
17.6 1.378e-185
17.7 3.899e-185
17.8 1.102e-184
17.9 3.109e-184
18.0 8.761e-184
18.1 2.465e-183
18.2 6.928e-183
18.3 1.944e-182
18.4 5.448e-182
18.5 1.525e-181
18.6 4.261e-181
18.7 1.189e-180
18.8 3.314e-180
18.9 9.223e-180
19.0 2.563e-179
19.1 7.115e-179
19.2 1.972e-178
19.3 5.458e-178
19.4 1.509e-177
19.5 4.165e-177
19.6 1.148e-176
19.7 3.16e-176
19.8 8.687e-176
19.9 2.385e-175
20.0 6.537e-175
20.1 1.79e-174
20.2 4.893e-174
20.3 1.336e-173
20.4 3.642e-173
20.5 9.916e-173
20.6 2.696e-172
20.7 7.321e-172
20.8 1.985e-171
20.9 5.376e-171
21.0 1.454e-170
21.1 3.925e-170
21.2 1.059e-169
21.3 2.851e-169
21.4 7.667e-169
21.5 2.059e-168
21.6 5.523e-168
21.7 1.479e-167
21.8 3.957e-167
21.9 1.057e-166
22.0 2.82e-166
22.1 7.511e-166
22.2 1.998e-165
22.3 5.308e-165
22.4 1.408e-164
22.5 3.731e-164
22.6 9.873e-164
22.7 2.609e-163
22.8 6.883e-163
22.9 1.814e-162
23.0 4.773e-162
23.1 1.254e-161
23.2 3.292e-161
23.3 8.628e-161
23.4 2.258e-160
23.5 5.902e-160
23.6 1.541e-159
23.7 4.016e-159
23.8 1.045e-158
23.9 2.718e-158
24.0 7.055e-158
24.1 1.829e-157
24.2 4.736e-157
24.3 1.224e-156
24.4 3.162e-156
24.5 8.153e-156
24.6 2.1e-155
24.7 5.399e-155
24.8 1.387e-154
24.9 3.557e-154
25.0 9.109e-154
25.1 2.33e-153
25.2 5.952e-153
25.3 1.518e-152
25.4 3.868e-152
25.5 9.841e-152
25.6 2.5e-151
25.7 6.344e-151
25.8 1.607e-150
25.9 4.068e-150
26.0 1.028e-149
26.1 2.594e-149
26.2 6.538e-149
26.3 1.646e-148
26.4 4.136e-148
26.5 1.038e-147
26.6 2.603e-147
26.7 6.516e-147
26.8 1.629e-146
26.9 4.067e-146
27.0 1.014e-145
27.1 2.525e-145
27.2 6.28e-145
27.3 1.56e-144
27.4 3.868e-144
27.5 9.58e-144
27.6 2.37e-143
27.7 5.854e-143
27.8 1.444e-142
27.9 3.558e-142
28.0 8.753e-142
28.1 2.151e-141
28.2 5.277e-141
28.3 1.293e-140
28.4 3.165e-140
28.5 7.734e-140
28.6 1.888e-139
28.7 4.601e-139
28.8 1.12e-138
28.9 2.723e-138
29.0 6.611e-138
29.1 1.603e-137
29.2 3.881e-137
29.3 9.385e-137
29.4 2.266e-136
29.5 5.466e-136
29.6 1.316e-135
29.7 3.166e-135
29.8 7.606e-135
29.9 1.825e-134
30.0 4.372e-134
30.1 1.046e-133
30.2 2.499e-133
30.3 5.964e-133
30.4 1.421e-132
30.5 3.383e-132
30.6 8.04e-132
30.7 1.908e-131
30.8 4.524e-131
30.9 1.071e-130
31.0 2.532e-130
31.1 5.979e-130
31.2 1.41e-129
31.3 3.32e-129
31.4 7.809e-129
31.5 1.834e-128
31.6 4.302e-128
31.7 1.008e-127
31.8 2.358e-127
31.9 5.509e-127
32.0 1.285e-126
32.1 2.995e-126
32.2 6.97e-126
32.3 1.62e-125
32.4 3.76e-125
32.5 8.716e-125
32.6 2.018e-124
32.7 4.665e-124
32.8 1.077e-123
32.9 2.484e-123
33.0 5.72e-123
33.1 1.316e-122
33.2 3.022e-122
33.3 6.931e-122
33.4 1.588e-121
33.5 3.633e-121
33.6 8.3e-121
33.7 1.894e-120
33.8 4.316e-120
33.9 9.823e-120
34.0 2.233e-119
34.1 5.068e-119
34.2 1.149e-118
34.3 2.601e-118
34.4 5.881e-118
34.5 1.328e-117
34.6 2.995e-117
34.7 6.746e-117
34.8 1.517e-116
34.9 3.408e-116
35.0 7.647e-116
35.1 1.713e-115
35.2 3.834e-115
35.3 8.567e-115
35.4 1.912e-114
35.5 4.262e-114
35.6 9.487e-114
35.7 2.109e-113
35.8 4.682e-113
35.9 1.038e-112
36.0 2.299e-112
36.1 5.085e-112
36.2 1.123e-111
36.3 2.477e-111
36.4 5.458e-111
36.5 1.201e-110
36.6 2.639e-110
36.7 5.79e-110
36.8 1.269e-109
36.9 2.777e-109
37.0 6.071e-109
37.1 1.325e-108
37.2 2.89e-108
37.3 6.293e-108
37.4 1.368e-107
37.5 2.972e-107
37.6 6.447e-107
37.7 1.397e-106
37.8 3.021e-106
37.9 6.528e-106
38.0 1.409e-105
38.1 3.036e-105
38.2 6.534e-105
38.3 1.405e-104
38.4 3.015e-104
38.5 6.465e-104
38.6 1.384e-103
38.7 2.96e-103
38.8 6.323e-103
38.9 1.349e-102
39.0 2.873e-102
39.1 6.113e-102
39.2 1.299e-101
39.3 2.756e-101
39.4 5.841e-101
39.5 1.236e-100
39.6 2.614e-100
39.7 5.518e-100
39.8 1.164e-99
39.9 2.45e-99
40.0 5.153e-99
40.1 1.082e-98
40.2 2.27e-98
40.3 4.757e-98
40.4 9.953e-98
40.5 2.08e-97
40.6 4.341e-97
40.7 9.048e-97
40.8 1.884e-96
40.9 3.916e-96
41.0 8.131e-96
41.1 1.686e-95
41.2 3.492e-95
41.3 7.224e-95
41.4 1.492e-94
41.5 3.079e-94
41.6 6.344e-94
41.7 1.306e-93
41.8 2.683e-93
41.9 5.508e-93
42.0 1.129e-92
42.1 2.312e-92
42.2 4.728e-92
42.3 9.656e-92
42.4 1.97e-91
42.5 4.012e-91
42.6 8.163e-91
42.7 1.659e-90
42.8 3.366e-90
42.9 6.822e-90
43.0 1.381e-89
43.1 2.792e-89
43.2 5.637e-89
43.3 1.137e-88
43.4 2.289e-88
43.5 4.605e-88
43.6 9.25e-88
43.7 1.856e-87
43.8 3.719e-87
43.9 7.443e-87
44.0 1.488e-86
44.1 2.97e-86
44.2 5.92e-86
44.3 1.179e-85
44.4 2.344e-85
44.5 4.656e-85
44.6 9.237e-85
44.7 1.83e-84
44.8 3.621e-84
44.9 7.155e-84
45.0 1.412e-83
45.1 2.784e-83
45.2 5.481e-83
45.3 1.078e-82
45.4 2.116e-82
45.5 4.15e-82
45.6 8.13e-82
45.7 1.591e-81
45.8 3.108e-81
45.9 6.065e-81
46.0 1.182e-80
46.1 2.301e-80
46.2 4.473e-80
46.3 8.686e-80
46.4 1.684e-79
46.5 3.262e-79
46.6 6.311e-79
46.7 1.219e-78
46.8 2.353e-78
46.9 4.534e-78
47.0 8.726e-78
47.1 1.677e-77
47.2 3.221e-77
47.3 6.175e-77
47.4 1.183e-76
47.5 2.262e-76
47.6 4.321e-76
47.7 8.245e-76
47.8 1.571e-75
47.9 2.99e-75
48.0 5.684e-75
48.1 1.079e-74
48.2 2.046e-74
48.3 3.875e-74
48.4 7.329e-74
48.5 1.384e-73
48.6 2.612e-73
48.7 4.922e-73
48.8 9.263e-73
48.9 1.741e-72
49.0 3.268e-72
49.1 6.128e-72
49.2 1.148e-71
49.3 2.146e-71
49.4 4.009e-71
49.5 7.48e-71
49.6 1.394e-70
49.7 2.594e-70
49.8 4.822e-70
49.9 8.951e-70
50.0 1.66e-69
50.1 3.074e-69
50.2 5.685e-69
50.3 1.05e-68
50.4 1.937e-68
50.5 3.57e-68
50.6 6.571e-68
50.7 1.208e-67
50.8 2.217e-67
50.9 4.066e-67
51.0 7.446e-67
51.1 1.362e-66
51.2 2.488e-66
51.3 4.54e-66
51.4 8.273e-66
51.5 1.506e-65
51.6 2.737e-65
51.7 4.97e-65
51.8 9.012e-65
51.9 1.632e-64
52.0 2.952e-64
52.1 5.334e-64
52.2 9.625e-64
52.3 1.735e-63
52.4 3.123e-63
52.5 5.614e-63
52.6 1.008e-62
52.7 1.808e-62
52.8 3.238e-62
52.9 5.793e-62
53.0 1.035e-61
53.1 1.847e-61
53.2 3.293e-61
53.3 5.862e-61
53.4 1.042e-60
53.5 1.851e-60
53.6 3.283e-60
53.7 5.816e-60
53.8 1.029e-59
53.9 1.819e-59
54.0 3.21e-59
54.1 5.659e-59
54.2 9.964e-59
54.3 1.752e-58
54.4 3.078e-58
54.5 5.4e-58
54.6 9.461e-58
54.7 1.656e-57
54.8 2.894e-57
54.9 5.052e-57
55.0 8.809e-57
55.1 1.534e-56
55.2 2.669e-56
55.3 4.636e-56
55.4 8.044e-56
55.5 1.394e-55
55.6 2.413e-55
55.7 4.172e-55
55.8 7.204e-55
55.9 1.242e-54
56.0 2.14e-54
56.1 3.682e-54
56.2 6.327e-54
56.3 1.086e-53
56.4 1.861e-53
56.5 3.187e-53
56.6 5.45e-53
56.7 9.309e-53
56.8 1.588e-52
56.9 2.706e-52
57.0 4.605e-52
57.1 7.827e-52
57.2 1.329e-51
57.3 2.253e-51
57.4 3.816e-51
57.5 6.454e-51
57.6 1.09e-50
57.7 1.84e-50
57.8 3.101e-50
57.9 5.22e-50
58.0 8.777e-50
58.1 1.474e-49
58.2 2.472e-49
58.3 4.142e-49
58.4 6.93e-49
58.5 1.158e-48
58.6 1.933e-48
58.7 3.223e-48
58.8 5.367e-48
58.9 8.927e-48
59.0 1.483e-47
59.1 2.46e-47
59.2 4.077e-47
59.3 6.749e-47
59.4 1.116e-46
59.5 1.842e-46
59.6 3.039e-46
59.7 5.006e-46
59.8 8.236e-46
59.9 1.353e-45
60.0 2.221e-45
60.1 3.642e-45
60.2 5.963e-45
60.3 9.753e-45
60.4 1.593e-44
60.5 2.599e-44
60.6 4.236e-44
60.7 6.895e-44
60.8 1.121e-43
60.9 1.82e-43
61.0 2.952e-43
61.1 4.782e-43
61.2 7.737e-43
61.3 1.25e-42
61.4 2.018e-42
61.5 3.254e-42
61.6 5.239e-42
61.7 8.426e-42
61.8 1.354e-41
61.9 2.172e-41
62.0 3.481e-41
62.1 5.571e-41
62.2 8.908e-41
62.3 1.422e-40
62.4 2.269e-40
62.5 3.614e-40
62.6 5.751e-40
62.7 9.14e-40
62.8 1.451e-39
62.9 2.301e-39
63.0 3.643e-39
63.1 5.763e-39
63.2 9.105e-39
63.3 1.437e-38
63.4 2.265e-38
63.5 3.565e-38
63.6 5.606e-38
63.7 8.804e-38
63.8 1.381e-37
63.9 2.164e-37
64.0 3.387e-37
64.1 5.294e-37
64.2 8.265e-37
64.3 1.289e-36
64.4 2.008e-36
64.5 3.123e-36
64.6 4.854e-36
64.7 7.533e-36
64.8 1.168e-35
64.9 1.808e-35
65.0 2.797e-35
65.1 4.32e-35
65.2 6.666e-35
65.3 1.027e-34
65.4 1.581e-34
65.5 2.432e-34
65.6 3.734e-34
65.7 5.728e-34
65.8 8.776e-34
65.9 1.343e-33
66.0 2.053e-33
66.1 3.134e-33
66.2 4.779e-33
66.3 7.279e-33
66.4 1.107e-32
66.5 1.683e-32
66.6 2.554e-32
66.7 3.872e-32
66.8 5.863e-32
66.9 8.867e-32
67.0 1.339e-31
67.1 2.021e-31
67.2 3.046e-31
67.3 4.586e-31
67.4 6.895e-31
67.5 1.035e-30
67.6 1.553e-30
67.7 2.327e-30
67.8 3.483e-30
67.9 5.207e-30
68.0 7.774e-30
68.1 1.159e-29
68.2 1.727e-29
68.3 2.57e-29
68.4 3.819e-29
68.5 5.669e-29
68.6 8.405e-29
68.7 1.245e-28
68.8 1.841e-28
68.9 2.72e-28
69.0 4.015e-28
69.1 5.918e-28
69.2 8.713e-28
69.3 1.281e-27
69.4 1.882e-27
69.5 2.762e-27
69.6 4.047e-27
69.7 5.924e-27
69.8 8.662e-27
69.9 1.265e-26
70.0 1.845e-26
70.1 2.689e-26
70.2 3.913e-26
70.3 5.688e-26
70.4 8.259e-26
70.5 1.198e-25
70.6 1.735e-25
70.7 2.511e-25
70.8 3.629e-25
70.9 5.238e-25
71.0 7.553e-25
71.1 1.088e-24
71.2 1.565e-24
71.3 2.249e-24
71.4 3.227e-24
71.5 4.627e-24
71.6 6.625e-24
71.7 9.476e-24
71.8 1.354e-23
71.9 1.932e-23
72.0 2.754e-23
72.1 3.92e-23
72.2 5.575e-23
72.3 7.919e-23
72.4 1.124e-22
72.5 1.592e-22
72.6 2.254e-22
72.7 3.187e-22
72.8 4.501e-22
72.9 6.349e-22
73.0 8.946e-22
73.1 1.259e-21
73.2 1.77e-21
73.3 2.485e-21
73.4 3.486e-21
73.5 4.884e-21
73.6 6.834e-21
73.7 9.553e-21
73.8 1.334e-20
73.9 1.86e-20
74.0 2.591e-20
74.1 3.605e-20
74.2 5.01e-20
74.3 6.955e-20
74.4 9.643e-20
74.5 1.336e-19
74.6 1.848e-19
74.7 2.553e-19
74.8 3.524e-19
74.9 4.859e-19
75.0 6.691e-19
75.1 9.204e-19
75.2 1.265e-18
75.3 1.736e-18
75.4 2.379e-18
75.5 3.258e-18
75.6 4.456e-18
75.7 6.087e-18
75.8 8.307e-18
75.9 1.132e-17
76.0 1.542e-17
76.1 2.097e-17
76.2 2.848e-17
76.3 3.864e-17
76.4 5.237e-17
76.5 7.09e-17
76.6 9.588e-17
76.7 1.295e-16
76.8 1.747e-16
76.9 2.355e-16
77.0 3.17e-16
77.1 4.262e-16
77.2 5.724e-16
77.3 7.679e-16
77.4 1.029e-15
77.5 1.377e-15
77.6 1.842e-15
77.7 2.459e-15
77.8 3.281e-15
77.9 4.371e-15
78.0 5.818e-15
78.1 7.735e-15
78.2 1.027e-14
78.3 1.362e-14
78.4 1.805e-14
78.5 2.389e-14
78.6 3.158e-14
78.7 4.171e-14
78.8 5.501e-14
78.9 7.247e-14
79.0 9.538e-14
79.1 1.254e-13
79.2 1.646e-13
79.3 2.159e-13
79.4 2.829e-13
79.5 3.702e-13
79.6 4.839e-13
79.7 6.318e-13
79.8 8.24e-13
79.9 1.073e-12
80.0 1.397e-12
80.1 1.816e-12
80.2 2.357e-12
80.3 3.057e-12
80.4 3.96e-12
80.5 5.125e-12
80.6 6.624e-12
80.7 8.552e-12
80.8 1.103e-11
80.9 1.421e-11
81.0 1.828e-11
81.1 2.35e-11
81.2 3.017e-11
81.3 3.869e-11
81.4 4.956e-11
81.5 6.342e-11
81.6 8.106e-11
81.7 1.035e-10
81.8 1.32e-10
81.9 1.681e-10
82.0 2.139e-10
82.1 2.719e-10
82.2 3.452e-10
82.3 4.378e-10
82.4 5.546e-10
82.5 7.018e-10
82.6 8.87e-10
82.7 1.12e-09
82.8 1.412e-09
82.9 1.779e-09
83.0 2.239e-09
83.1 2.814e-09
83.2 3.533e-09
83.3 4.431e-09
83.4 5.551e-09
83.5 6.947e-09
83.6 8.683e-09
83.7 1.084e-08
83.8 1.352e-08
83.9 1.685e-08
84.0 2.096e-08
84.1 2.606e-08
84.2 3.236e-08
84.3 4.013e-08
84.4 4.972e-08
84.5 6.153e-08
84.6 7.606e-08
84.7 9.392e-08
84.8 1.158e-07
84.9 1.427e-07
85.0 1.757e-07
85.1 2.16e-07
85.2 2.652e-07
85.3 3.253e-07
85.4 3.986e-07
85.5 4.879e-07
85.6 5.964e-07
85.7 7.284e-07
85.8 8.886e-07
85.9 1.083e-06
86.0 1.318e-06
86.1 1.602e-06
86.2 1.946e-06
86.3 2.361e-06
86.4 2.861e-06
86.5 3.464e-06
86.6 4.188e-06
86.7 5.059e-06
86.8 6.104e-06
86.9 7.356e-06
87.0 8.856e-06
87.1 1.065e-05
87.2 1.279e-05
87.3 1.535e-05
87.4 1.84e-05
87.5 2.203e-05
87.6 2.635e-05
87.7 3.148e-05
87.8 3.756e-05
87.9 4.477e-05
88.0 5.332e-05
88.1 6.342e-05
88.2 7.535e-05
88.3 8.942e-05
88.4 0.000106
88.5 0.0001255
88.6 0.0001485
88.7 0.0001755
88.8 0.0002072
88.9 0.0002442
89.0 0.0002877
89.1 0.0003384
89.2 0.0003977
89.3 0.0004669
89.4 0.0005476
89.5 0.0006414
89.6 0.0007505
89.7 0.0008772
89.8 0.001024
89.9 0.001194
90.0 0.001392
90.1 0.001619
90.2 0.001883
90.3 0.002186
90.4 0.002536
90.5 0.002938
90.6 0.003401
90.7 0.003932
90.8 0.004541
90.9 0.005239
91.0 0.006038
91.1 0.00695
91.2 0.007992
91.3 0.009181
91.4 0.01053
91.5 0.01207
91.6 0.01382
91.7 0.01581
91.8 0.01806
91.9 0.02062
92.0 0.0235
92.1 0.02676
92.2 0.03044
92.3 0.03459
92.4 0.03927
92.5 0.04452
92.6 0.05043
92.7 0.05706
92.8 0.06448
92.9 0.0728
93.0 0.0821
93.1 0.09249
93.2 0.1041
93.3 0.117
93.4 0.1314
93.5 0.1474
93.6 0.1651
93.7 0.1848
93.8 0.2067
93.9 0.2308
94.0 0.2575
94.1 0.287
94.2 0.3195
94.3 0.3553
94.4 0.3947
94.5 0.438
94.6 0.4855
94.7 0.5377
94.8 0.5947
94.9 0.6571
95.0 0.7253
95.1 0.7997
95.2 0.8808
95.3 0.9691
95.4 1.065
95.5 1.169
95.6 1.282
95.7 1.405
95.8 1.538
95.9 1.681
96.0 1.836
96.1 2.002
96.2 2.182
96.3 2.375
96.4 2.583
96.5 2.805
96.6 3.044
96.7 3.299
96.8 3.572
96.9 3.864
97.0 4.175
97.1 4.506
97.2 4.858
97.3 5.232
97.4 5.628
97.5 6.049
97.6 6.494
97.7 6.964
97.8 7.461
97.9 7.984
98.0 8.535
98.1 9.114
98.2 9.723
98.3 10.36
98.4 11.03
98.5 11.73
98.6 12.46
98.7 13.22
98.8 14.01
98.9 14.84
99.0 15.69
99.1 16.58
99.2 17.5
99.3 18.45
99.4 19.44
99.5 20.45
99.6 21.5
99.7 22.57
99.8 23.67
99.9 24.8
100.0 25.96
100.1 27.14
100.2 28.35
100.3 29.57
100.4 30.82
100.5 32.09
100.6 33.38
100.7 34.67
100.8 35.99
100.9 37.31
101.0 38.64
101.1 39.98
101.2 41.32
101.3 42.65
101.4 43.99
101.5 45.32
101.6 46.64
101.7 47.95
101.8 49.25
101.9 50.52
102.0 51.78
102.1 53.01
102.2 54.21
102.3 55.38
102.4 56.52
102.5 57.63
102.6 58.69
102.7 59.71
102.8 60.68
102.9 61.6
103.0 62.48
103.1 63.3
103.2 64.06
103.3 64.77
103.4 65.41
103.5 65.99
103.6 66.51
103.7 66.96
103.8 67.35
103.9 67.66
104.0 67.91
104.1 68.09
104.2 68.19
104.3 68.23
104.4 68.19
104.5 68.09
104.6 67.91
104.7 67.66
104.8 67.35
104.9 66.96
105.0 66.51
105.1 66
105.2 65.41
105.3 64.77
105.4 64.07
105.5 63.31
105.6 62.49
105.7 61.62
105.8 60.7
105.9 59.73
106.0 58.72
106.1 57.66
106.2 56.57
106.3 55.43
106.4 54.27
106.5 53.07
106.6 51.85
106.7 50.6
106.8 49.33
106.9 48.04
107.0 46.74
107.1 45.43
107.2 44.11
107.3 42.78
107.4 41.45
107.5 40.12
107.6 38.79
107.7 37.47
107.8 36.15
107.9 34.85
108.0 33.56
108.1 32.28
108.2 31.02
108.3 29.78
108.4 28.56
108.5 27.36
108.6 26.18
108.7 25.03
108.8 23.91
108.9 22.81
109.0 21.74
109.1 20.7
109.2 19.69
109.3 18.71
109.4 17.76
109.5 16.84
109.6 15.95
109.7 15.09
109.8 14.27
109.9 13.47
110.0 12.71
110.1 11.98
110.2 11.28
110.3 10.61
110.4 9.965
110.5 9.353
110.6 8.769
110.7 8.214
110.8 7.686
110.9 7.184
111.0 6.709
111.1 6.258
111.2 5.832
111.3 5.43
111.4 5.05
111.5 4.691
111.6 4.354
111.7 4.037
111.8 3.739
111.9 3.46
112.0 3.198
112.1 2.953
112.2 2.724
112.3 2.51
112.4 2.311
112.5 2.126
112.6 1.953
112.7 1.792
112.8 1.643
112.9 1.505
113.0 1.377
113.1 1.259
113.2 1.15
113.3 1.049
113.4 0.9557
113.5 0.8701
113.6 0.7913
113.7 0.719
113.8 0.6526
113.9 0.5917
114.0 0.536
114.1 0.485
114.2 0.4384
114.3 0.3959
114.4 0.3572
114.5 0.3219
114.6 0.2899
114.7 0.2607
114.8 0.2343
114.9 0.2103
115.0 0.1886
115.1 0.1689
115.2 0.1512
115.3 0.1351
115.4 0.1207
115.5 0.1077
115.6 0.09599
115.7 0.08547
115.8 0.07603
115.9 0.06756
116.0 0.05998
116.1 0.05319
116.2 0.04713
116.3 0.04171
116.4 0.03688
116.5 0.03258
116.6 0.02875
116.7 0.02534
116.8 0.02232
116.9 0.01964
117.0 0.01726
117.1 0.01515
117.2 0.01329
117.3 0.01165
117.4 0.0102
117.5 0.008916
117.6 0.00779
117.7 0.006799
117.8 0.005928
117.9 0.005163
118.0 0.004493
118.1 0.003906
118.2 0.003392
118.3 0.002943
118.4 0.00255
118.5 0.002208
118.6 0.00191
118.7 0.001651
118.8 0.001425
118.9 0.001229
119.0 0.001059
119.1 0.0009112
119.2 0.0007835
119.3 0.000673
119.4 0.0005775
119.5 0.0004951
119.6 0.000424
119.7 0.0003628
119.8 0.0003101
119.9 0.0002648
120.0 0.0002258
120.1 0.0001925
120.2 0.0001639
120.3 0.0001394
120.4 0.0001184
120.5 0.0001005
120.6 8.523e-05
120.7 7.22e-05
120.8 6.11e-05
120.9 5.166e-05
121.0 4.363e-05
121.1 3.682e-05
121.2 3.104e-05
121.3 2.614e-05
121.4 2.199e-05
121.5 1.848e-05
121.6 1.552e-05
121.7 1.302e-05
121.8 1.091e-05
121.9 9.131e-06
122.0 7.637e-06
122.1 6.38e-06
122.2 5.326e-06
122.3 4.441e-06
122.4 3.7e-06
122.5 3.079e-06
122.6 2.56e-06
122.7 2.126e-06
122.8 1.764e-06
122.9 1.462e-06
123.0 1.211e-06
123.1 1.002e-06
123.2 8.282e-07
123.3 6.839e-07
123.4 5.641e-07
123.5 4.649e-07
123.6 3.827e-07
123.7 3.148e-07
123.8 2.587e-07
123.9 2.123e-07
124.0 1.741e-07
124.1 1.426e-07
124.2 1.168e-07
124.3 9.546e-08
124.4 7.798e-08
124.5 6.364e-08
124.6 5.188e-08
124.7 4.226e-08
124.8 3.438e-08
124.9 2.795e-08
125.0 2.27e-08
125.1 1.841e-08
125.2 1.492e-08
125.3 1.208e-08
125.4 9.776e-09
125.5 7.9e-09
125.6 6.378e-09
125.7 5.144e-09
125.8 4.145e-09
125.9 3.337e-09
126.0 2.684e-09
126.1 2.156e-09
126.2 1.731e-09
126.3 1.388e-09
126.4 1.112e-09
126.5 8.896e-10
126.6 7.113e-10
126.7 5.681e-10
126.8 4.534e-10
126.9 3.614e-10
127.0 2.879e-10
127.1 2.29e-10
127.2 1.821e-10
127.3 1.446e-10
127.4 1.147e-10
127.5 9.091e-11
127.6 7.198e-11
127.7 5.694e-11
127.8 4.5e-11
127.9 3.553e-11
128.0 2.802e-11
128.1 2.208e-11
128.2 1.738e-11
128.3 1.367e-11
128.4 1.074e-11
128.5 8.432e-12
128.6 6.612e-12
128.7 5.18e-12
128.8 4.054e-12
128.9 3.17e-12
129.0 2.476e-12
129.1 1.933e-12
129.2 1.507e-12
129.3 1.174e-12
129.4 9.133e-13
129.5 7.1e-13
129.6 5.515e-13
129.7 4.279e-13
129.8 3.317e-13
129.9 2.569e-13
130.0 1.987e-13
130.1 1.536e-13
130.2 1.186e-13
130.3 9.151e-14
130.4 7.053e-14
130.5 5.43e-14
130.6 4.177e-14
130.7 3.21e-14
130.8 2.465e-14
130.9 1.891e-14
131.0 1.449e-14
131.1 1.109e-14
131.2 8.482e-15
131.3 6.481e-15
131.4 4.948e-15
131.5 3.773e-15
131.6 2.875e-15
131.7 2.188e-15
131.8 1.664e-15
131.9 1.264e-15
132.0 9.595e-16
132.1 7.276e-16
132.2 5.512e-16
132.3 4.171e-16
132.4 3.154e-16
132.5 2.382e-16
132.6 1.798e-16
132.7 1.355e-16
132.8 1.021e-16
132.9 7.683e-17
133.0 5.776e-17
133.1 4.338e-17
133.2 3.255e-17
133.3 2.44e-17
133.4 1.827e-17
133.5 1.367e-17
133.6 1.022e-17
133.7 7.633e-18
133.8 5.695e-18
133.9 4.245e-18
134.0 3.161e-18
134.1 2.352e-18
134.2 1.748e-18
134.3 1.298e-18
134.4 9.628e-19
134.5 7.136e-19
134.6 5.284e-19
134.7 3.908e-19
134.8 2.888e-19
134.9 2.133e-19
135.0 1.573e-19
135.1 1.159e-19
135.2 8.535e-20
135.3 6.278e-20
135.4 4.613e-20
135.5 3.387e-20
135.6 2.484e-20
135.7 1.82e-20
135.8 1.333e-20
135.9 9.747e-21
136.0 7.122e-21
136.1 5.199e-21
136.2 3.792e-21
136.3 2.763e-21
136.4 2.011e-21
136.5 1.463e-21
136.6 1.063e-21
136.7 7.714e-22
136.8 5.594e-22
136.9 4.053e-22
137.0 2.934e-22
137.1 2.122e-22
137.2 1.533e-22
137.3 1.106e-22
137.4 7.978e-23
137.5 5.748e-23
137.6 4.137e-23
137.7 2.975e-23
137.8 2.137e-23
137.9 1.534e-23
138.0 1.1e-23
138.1 7.88e-24
138.2 5.64e-24
138.3 4.033e-24
138.4 2.881e-24
138.5 2.056e-24
138.6 1.466e-24
138.7 1.044e-24
138.8 7.433e-25
138.9 5.285e-25
139.0 3.755e-25
139.1 2.665e-25
139.2 1.889e-25
139.3 1.338e-25
139.4 9.472e-26
139.5 6.698e-26
139.6 4.731e-26
139.7 3.339e-26
139.8 2.354e-26
139.9 1.658e-26
140.0 1.167e-26
140.1 8.207e-27
140.2 5.765e-27
140.3 4.046e-27
140.4 2.837e-27
140.5 1.987e-27
140.6 1.391e-27
140.7 9.723e-28
140.8 6.792e-28
140.9 4.74e-28
141.0 3.305e-28
141.1 2.302e-28
141.2 1.602e-28
141.3 1.114e-28
141.4 7.739e-29
141.5 5.371e-29
141.6 3.724e-29
141.7 2.58e-29
141.8 1.785e-29
141.9 1.235e-29
142.0 8.528e-30
142.1 5.886e-30
142.2 4.059e-30
142.3 2.796e-30
142.4 1.924e-30
142.5 1.323e-30
142.6 9.089e-31
142.7 6.238e-31
142.8 4.278e-31
142.9 2.931e-31
143.0 2.006e-31
143.1 1.372e-31
143.2 9.37e-32
143.3 6.395e-32
143.4 4.361e-32
143.5 2.971e-32
143.6 2.022e-32
143.7 1.375e-32
143.8 9.343e-33
143.9 6.342e-33
144.0 4.301e-33
144.1 2.914e-33
144.2 1.972e-33
144.3 1.334e-33
144.4 9.012e-34
144.5 6.084e-34
144.6 4.103e-34
144.7 2.764e-34
144.8 1.861e-34
144.9 1.252e-34
145.0 8.41e-35
145.1 5.646e-35
145.2 3.787e-35
145.3 2.537e-35
145.4 1.699e-35
145.5 1.136e-35
145.6 7.592e-36
145.7 5.069e-36
145.8 3.381e-36
145.9 2.253e-36
146.0 1.5e-36
146.1 9.978e-37
146.2 6.631e-37
146.3 4.403e-37
146.4 2.921e-37
146.5 1.936e-37
146.6 1.282e-37
146.7 8.48e-38
146.8 5.605e-38
146.9 3.701e-38
147.0 2.442e-38
147.1 1.609e-38
147.2 1.06e-38
147.3 6.973e-39
147.4 4.583e-39
147.5 3.01e-39
147.6 1.975e-39
147.7 1.295e-39
147.8 8.479e-40
147.9 5.548e-40
148.0 3.627e-40
148.1 2.369e-40
148.2 1.546e-40
148.3 1.008e-40
148.4 6.565e-41
148.5 4.272e-41
148.6 2.778e-41
148.7 1.804e-41
148.8 1.171e-41
148.9 7.593e-42
149.0 4.919e-42
149.1 3.184e-42
149.2 2.059e-42
149.3 1.33e-42
149.4 8.586e-43
149.5 5.537e-43
149.6 3.568e-43
149.7 2.297e-43
149.8 1.477e-43
149.9 9.49e-44
150.0 6.093e-44
150.1 3.908e-44
150.2 2.504e-44
150.3 1.603e-44
150.4 1.026e-44
150.5 6.554e-45
150.6 4.185e-45
150.7 2.67e-45
150.8 1.701e-45
150.9 1.083e-45
151.0 6.893e-46
151.1 4.381e-46
151.2 2.782e-46
151.3 1.765e-46
151.4 1.119e-46
151.5 7.088e-47
151.6 4.485e-47
151.7 2.835e-47
151.8 1.791e-47
151.9 1.13e-47
152.0 7.125e-48
152.1 4.488e-48
152.2 2.825e-48
152.3 1.776e-48
152.4 1.116e-48
152.5 7.004e-49
152.6 4.392e-49
152.7 2.752e-49
152.8 1.723e-49
152.9 1.077e-49
153.0 6.732e-50
153.1 4.203e-50
153.2 2.621e-50
153.3 1.633e-50
153.4 1.017e-50
153.5 6.327e-51
153.6 3.932e-51
153.7 2.442e-51
153.8 1.515e-51
153.9 9.388e-52
154.0 5.814e-52
154.1 3.597e-52
154.2 2.224e-52
154.3 1.373e-52
154.4 8.475e-53
154.5 5.225e-53
154.6 3.218e-53
154.7 1.981e-53
154.8 1.218e-53
154.9 7.481e-54
155.0 4.592e-54
155.1 2.816e-54
155.2 1.725e-54
155.3 1.056e-54
155.4 6.459e-55
155.5 3.947e-55
155.6 2.409e-55
155.7 1.47e-55
155.8 8.956e-56
155.9 5.453e-56
156.0 3.317e-56
156.1 2.016e-56
156.2 1.224e-56
156.3 7.428e-57
156.4 4.503e-57
156.5 2.727e-57
156.6 1.65e-57
156.7 9.975e-58
156.8 6.025e-58
156.9 3.636e-58
157.0 2.192e-58
157.1 1.321e-58
157.2 7.949e-59
157.3 4.78e-59
157.4 2.872e-59
157.5 1.724e-59
157.6 1.034e-59
157.7 6.196e-60
157.8 3.71e-60
157.9 2.219e-60
158.0 1.326e-60
158.1 7.918e-61
158.2 4.724e-61
158.3 2.816e-61
158.4 1.677e-61
158.5 9.977e-62
158.6 5.931e-62
158.7 3.523e-62
158.8 2.091e-62
158.9 1.24e-62
159.0 7.343e-63
159.1 4.346e-63
159.2 2.57e-63
159.3 1.518e-63
159.4 8.963e-64
159.5 5.286e-64
159.6 3.115e-64
159.7 1.834e-64
159.8 1.079e-64
159.9 6.34e-65
160.0 3.723e-65
160.1 2.184e-65
160.2 1.28e-65
160.3 7.497e-66
160.4 4.387e-66
160.5 2.565e-66
160.6 1.498e-66
160.7 8.742e-67
160.8 5.097e-67
160.9 2.97e-67
161.0 1.728e-67
161.1 1.005e-67
161.2 5.841e-68
161.3 3.391e-68
161.4 1.967e-68
161.5 1.14e-68
161.6 6.599e-69
161.7 3.818e-69
161.8 2.207e-69
161.9 1.274e-69
162.0 7.353e-70
162.1 4.239e-70
162.2 2.441e-70
162.3 1.405e-70
162.4 8.078e-71
162.5 4.641e-71
162.6 2.664e-71
162.7 1.528e-71
162.8 8.753e-72
162.9 5.011e-72
163.0 2.866e-72
163.1 1.638e-72
163.2 9.352e-73
163.3 5.335e-73
163.4 3.041e-73
163.5 1.732e-73
163.6 9.854e-74
163.7 5.602e-74
163.8 3.182e-74
163.9 1.806e-74
164.0 1.024e-74
164.1 5.801e-75
164.2 3.284e-75
164.3 1.857e-75
164.4 1.049e-75
164.5 5.924e-76
164.6 3.342e-76
164.7 1.883e-76
164.8 1.061e-76
164.9 5.967e-77
165.0 3.354e-77
165.1 1.884e-77
165.2 1.057e-77
165.3 5.927e-78
165.4 3.32e-78
165.5 1.858e-78
165.6 1.039e-78
165.7 5.806e-79
165.8 3.241e-79
165.9 1.808e-79
166.0 1.008e-79
166.1 5.61e-80
166.2 3.121e-80
166.3 1.735e-80
166.4 9.634e-81
166.5 5.346e-81
166.6 2.964e-81
166.7 1.642e-81
166.8 9.086e-82
166.9 5.025e-82
167.0 2.776e-82
167.1 1.532e-82
167.2 8.453e-83
167.3 4.658e-83
167.4 2.565e-83
167.5 1.411e-83
167.6 7.755e-84
167.7 4.259e-84
167.8 2.337e-84
167.9 1.281e-84
168.0 7.018e-85
168.1 3.841e-85
168.2 2.1e-85
168.3 1.148e-85
168.4 6.265e-86
168.5 3.417e-86
168.6 1.862e-86
168.7 1.014e-86
168.8 5.516e-87
168.9 2.998e-87
169.0 1.628e-87
169.1 8.836e-88
169.2 4.791e-88
169.3 2.595e-88
169.4 1.405e-88
169.5 7.596e-89
169.6 4.104e-89
169.7 2.216e-89
169.8 1.195e-89
169.9 6.441e-90
170.0 3.468e-90
170.1 1.866e-90
170.2 1.003e-90
170.3 5.388e-91
170.4 2.891e-91
170.5 1.55e-91
170.6 8.305e-92
170.7 4.445e-92
170.8 2.377e-92
170.9 1.27e-92
171.0 6.783e-93
171.1 3.618e-93
171.2 1.929e-93
171.3 1.027e-93
171.4 5.465e-94
171.5 2.905e-94
171.6 1.543e-94
171.7 8.191e-95
171.8 4.343e-95
171.9 2.301e-95
172.0 1.218e-95
172.1 6.444e-96
172.2 3.406e-96
172.3 1.798e-96
172.4 9.488e-97
172.5 5.002e-97
172.6 2.634e-97
172.7 1.386e-97
172.8 7.29e-98
172.9 3.83e-98
173.0 2.01e-98
173.1 1.054e-98
173.2 5.525e-99
173.3 2.893e-99
173.4 1.513e-99
173.5 7.911e-100
173.6 4.132e-100
173.7 2.156e-100
173.8 1.124e-100
173.9 5.856e-101
174.0 3.048e-101
174.1 1.585e-101
174.2 8.237e-102
174.3 4.277e-102
174.4 2.219e-102
174.5 1.15e-102
174.6 5.955e-103
174.7 3.081e-103
174.8 1.593e-103
174.9 8.23e-104
175.0 4.248e-104
175.1 2.191e-104
175.2 1.129e-104
175.3 5.811e-105
175.4 2.989e-105
175.5 1.536e-105
175.6 7.89e-106
175.7 4.049e-106
175.8 2.076e-106
175.9 1.063e-106
176.0 5.442e-107
176.1 2.783e-107
176.2 1.422e-107
176.3 7.26e-108
176.4 3.703e-108
176.5 1.888e-108
176.6 9.613e-109
176.7 4.891e-109
176.8 2.487e-109
176.9 1.263e-109
177.0 6.411e-110
177.1 3.251e-110
177.2 1.648e-110
177.3 8.341e-111
177.4 4.219e-111
177.5 2.133e-111
177.6 1.077e-111
177.7 5.435e-112
177.8 2.74e-112
177.9 1.38e-112
178.0 6.948e-113
178.1 3.494e-113
178.2 1.756e-113
178.3 8.815e-114
178.4 4.422e-114
178.5 2.217e-114
178.6 1.11e-114
178.7 5.555e-115
178.8 2.778e-115
178.9 1.388e-115
179.0 6.926e-116
179.1 3.455e-116
179.2 1.722e-116
179.3 8.572e-117
179.4 4.264e-117
179.5 2.12e-117
179.6 1.053e-117
179.7 5.225e-118
179.8 2.591e-118
179.9 1.284e-118
180.0 6.355e-119
180.1 3.143e-119
180.2 1.553e-119
180.3 7.671e-120
180.4 3.785e-120
180.5 1.866e-120
180.6 9.191e-121
180.7 4.523e-121
180.8 2.224e-121
180.9 1.093e-121
181.0 5.366e-122
181.1 2.632e-122
181.2 1.29e-122
181.3 6.319e-123
181.4 3.092e-123
181.5 1.512e-123
181.6 7.385e-124
181.7 3.605e-124
181.8 1.758e-124
181.9 8.568e-125
182.0 4.172e-125
182.1 2.03e-125
182.2 9.867e-126
182.3 4.793e-126
182.4 2.326e-126
182.5 1.128e-126
182.6 5.465e-127
182.7 2.646e-127
182.8 1.28e-127
182.9 6.185e-128
183.0 2.987e-128
183.1 1.441e-128
183.2 6.949e-129
183.3 3.348e-129
183.4 1.611e-129
183.5 7.75e-130
183.6 3.724e-130
183.7 1.788e-130
183.8 8.579e-131
183.9 4.113e-131
184.0 1.97e-131
184.1 9.428e-132
184.2 4.508e-132
184.3 2.154e-132
184.4 1.028e-132
184.5 4.906e-133
184.6 2.338e-133
184.7 1.114e-133
184.8 5.299e-134
184.9 2.519e-134
185.0 1.197e-134
185.1 5.682e-135
185.2 2.695e-135
185.3 1.277e-135
185.4 6.047e-136
185.5 2.861e-136
185.6 1.353e-136
185.7 6.39e-137
185.8 3.016e-137
185.9 1.422e-137
186.0 6.702e-138
186.1 3.155e-138
186.2 1.484e-138
186.3 6.978e-139
186.4 3.277e-139
186.5 1.538e-139
186.6 7.213e-140
186.7 3.379e-140
186.8 1.582e-140
186.9 7.401e-141
187.0 3.459e-141
187.1 1.615e-141
187.2 7.538e-142
187.3 3.515e-142
187.4 1.637e-142
187.5 7.623e-143
187.6 3.545e-143
187.7 1.648e-143
187.8 7.652e-144
187.9 3.55e-144
188.0 1.646e-144
188.1 7.625e-145
188.2 3.529e-145
188.3 1.632e-145
188.4 7.544e-146
188.5 3.483e-146
188.6 1.607e-146
188.7 7.409e-147
188.8 3.413e-147
188.9 1.571e-147
189.0 7.223e-148
189.1 3.319e-148
189.2 1.524e-148
189.3 6.992e-149
189.4 3.205e-149
189.5 1.468e-149
189.6 6.719e-150
189.7 3.072e-150
189.8 1.404e-150
189.9 6.41e-151
190.0 2.924e-151
190.1 1.333e-151
190.2 6.07e-152
190.3 2.763e-152
190.4 1.256e-152
190.5 5.708e-153
190.6 2.591e-153
190.7 1.175e-153
190.8 5.328e-154
190.9 2.413e-154
191.0 1.092e-154
191.1 4.938e-155
191.2 2.231e-155
191.3 1.007e-155
191.4 4.543e-156
191.5 2.048e-156
191.6 9.222e-157
191.7 4.15e-157
191.8 1.866e-157
191.9 8.384e-158
192.0 3.764e-158
192.1 1.688e-158
192.2 7.567e-159
192.3 3.389e-159
192.4 1.516e-159
192.5 6.78e-160
192.6 3.029e-160
192.7 1.352e-160
192.8 6.032e-161
192.9 2.688e-161
193.0 1.197e-161
193.1 5.328e-162
193.2 2.369e-162
193.3 1.052e-162
193.4 4.672e-163
193.5 2.073e-163
193.6 9.186e-164
193.7 4.068e-164
193.8 1.8e-164
193.9 7.96e-165
194.0 3.517e-165
194.1 1.552e-165
194.2 6.848e-166
194.3 3.018e-166
194.4 1.329e-166
194.5 5.85e-167
194.6 2.572e-167
194.7 1.13e-167
194.8 4.961e-168
194.9 2.176e-168
195.0 9.538e-169
195.1 4.177e-169
195.2 1.828e-169
195.3 7.994e-170
195.4 3.493e-170
195.5 1.525e-170
195.6 6.652e-171
195.7 2.899e-171
195.8 1.263e-171
195.9 5.496e-172
196.0 2.39e-172
196.1 1.038e-172
196.2 4.508e-173
196.3 1.956e-173
196.4 8.477e-174
196.5 3.672e-174
196.6 1.589e-174
196.7 6.872e-175
196.8 2.969e-175
196.9 1.282e-175
197.0 5.531e-176
197.1 2.384e-176
197.2 1.027e-176
197.3 4.421e-177
197.4 1.901e-177
197.5 8.17e-178
197.6 3.508e-178
197.7 1.505e-178
197.8 6.453e-179
197.9 2.764e-179
198.0 1.183e-179
198.1 5.06e-180
198.2 2.163e-180
198.3 9.235e-181
198.4 3.94e-181
198.5 1.68e-181
198.6 7.157e-182
198.7 3.047e-182
198.8 1.296e-182
198.9 5.508e-183
199.0 2.339e-183
199.1 9.926e-184
199.2 4.209e-184
199.3 1.783e-184
199.4 7.549e-185
199.5 3.194e-185
199.6 1.35e-185
199.7 5.701e-186
199.8 2.406e-186
199.9 1.015e-186
