   507.75656       0.0000000    
   511.75656       0.0000000    
   515.75659      -0.0000000    
   519.75659       0.0000000    
   523.75659       0.0000000    
   527.75659       0.0000000    
   531.75659       0.0000000    
   535.75659       0.0000000    
   539.75659      -0.0000000    
   543.75659       0.0000000    
   547.75659       0.0000000    
   551.75659      -0.0000000    
   555.75659       0.0000000    
   559.75659       0.0000000    
   563.75659      -0.0000000    
   567.75659      -0.0000000    
   571.75659       0.0000000    
   575.75659      -0.0000000    
   579.75659       0.0000000    
   583.75659       0.0000000    
   587.75659       0.0000000    
   591.75659       0.0000000    
   595.75659      -0.0000000    
   599.75659       0.0000000    
   603.75659       0.0000000    
   607.75659      -0.0000000    
   611.75659      -0.0000000    
   615.75659       0.0000000    
   619.75659      -0.0000000    
   623.75659      -0.0000000    
   627.75659       0.0000000    
   631.75659      -0.0000000    
   635.75659       0.0000000    
   639.75659      -0.0000000    
   643.75659      -0.0000000    
   647.75659      -0.0000000    
   651.75659       0.0000000    
   655.75659      -0.0000000    
   659.75659      -0.0000000    
   663.75659       0.0000000    
   667.75659       0.0000000    
   671.75659      -0.0000000    
   675.75659       0.0000000    
   679.75659      -0.0000000    
   683.75659       0.0000000    
   687.75659      -0.0000000    
   691.75659       0.0000000    
   695.75659      -0.0000000    
   699.75659      -0.0000000    
   703.75659      -0.0000000    
   707.75659       0.0000000    
   711.75659       0.0000000    
   715.75659      -0.0000000    
   719.75659      -0.0000000    
   723.75659       0.0000000    
   727.75659       0.0000000    
   731.75659       0.0000000    
   735.75659      -0.0000000    
   739.75659       0.0000000    
   743.75659      -0.0000000    
   747.75659      -0.0000000    
   751.75659      -0.0000000    
   755.75659       0.0000000    
   759.75659      -0.0000000    
   763.75659      -0.0000000    
   767.75659       0.0000000    
   771.75659      -0.0000000    
   775.75659      -0.0000000    
   779.75659       0.0000000    
   783.75659       0.0000000    
   787.75659       0.0000000    
   791.75659       0.0000000    
   795.75659       0.0000000    
   799.75659      -0.0000000    
   803.75659       0.0000000    
   807.75659       0.0000000    
   811.75659       0.0000000    
   815.75659       0.0000000    
   819.75659       0.0000000    
   823.75659      -0.0000000    
   827.75659       0.0000000    
   831.75659      -0.0000000    
   835.75659       0.0000000    
   839.75659       0.0000000    
   843.75659       0.0000000    
   847.75659      -0.0000000    
   851.75659      -0.0000000    
   855.75659       0.0000000    
   859.75659      -0.0000000    
   863.75659      -0.0000000    
   867.75659       0.0000000    
   871.75659      -0.0000000    
   875.75659       0.0000000    
   879.75659      -0.0000000    
   883.75659      -0.0000000    
   887.75659       0.0000000    
   891.75659      -0.0000000    
   895.75659      -0.0000000    
   899.75659       0.0000000    
   903.75659       16.000000    
   907.75659       67.000000    
   911.75659       94.000000    
   915.75659       100.00000    
   919.75659       95.000000    
   923.75659       86.000000    
   927.75659       76.000000    
   931.75659       66.000000    
   935.75659       57.000000    
   939.75659       49.000000    
   943.75659       42.000000    
   947.75659       36.000000    
   951.75659       31.000000    
   955.75659       26.000000    
   959.75659       22.000000    
   963.75659       19.000000    
   967.75659       16.000000    
   971.75659       14.000000    
   975.75659       12.000000    
   979.75659       10.000000    
   983.75659       9.0000000    
   987.75659       7.0000000    
   991.75659       6.0000000    
   995.75659       5.0000000    
   999.75659       5.0000000    
   1003.7566       4.0000000    
   1007.7566       3.0000000    
   1011.7566       3.0000000    
   1015.7566       2.0000000    
   1019.7566       2.0000000    
   1023.7566       2.0000000    
   1027.7566       2.0000000    
   1031.7566       1.0000000    
   1035.7566       1.0000000    
   1039.7566       1.0000000    
   1043.7566       1.0000000    
   1047.7566       1.0000000    
   1051.7566       1.0000000    
   1055.7566       1.0000000    
   1059.7566       0.0000000    
   1063.7566       0.0000000    
   1067.7566       0.0000000    
   1071.7566       0.0000000    
   1075.7566       0.0000000    
   1079.7566       0.0000000    
   1083.7566       0.0000000    
   1087.7566       0.0000000    
   1091.7566       0.0000000    
   1095.7566       0.0000000    
   1099.7566       0.0000000    
   1103.7566       0.0000000    
   1107.7566       0.0000000    
   1111.7566       0.0000000    
   1115.7566       0.0000000    
   1119.7566       0.0000000    
   1123.7566       0.0000000    
   1127.7566       0.0000000    
   1131.7566       0.0000000    
   1135.7566       0.0000000    
   1139.7566       0.0000000    
   1143.7566       0.0000000    
   1147.7566       0.0000000    
   1151.7566       0.0000000    
   1155.7566       0.0000000    
   1159.7566       0.0000000    
   1163.7566       0.0000000    
   1167.7566       0.0000000    
   1171.7566       0.0000000    
   1175.7566       0.0000000    
   1179.7566       0.0000000    
   1183.7566       0.0000000    
   1187.7566       0.0000000    
   1191.7566       0.0000000    
   1195.7566       0.0000000    
   1199.7566       0.0000000    
   1203.7566       0.0000000    
   1207.7566       0.0000000    
   1211.7566       0.0000000    
   1215.7566       0.0000000    
   1219.7566       0.0000000    
   1223.7566       0.0000000    
   1227.7566       0.0000000    
   1231.7566       0.0000000    
   1235.7566       0.0000000    
   1239.7566       0.0000000    
   1243.7566       0.0000000    
   1247.7566       0.0000000    
   1251.7566       0.0000000    
   1255.7566       0.0000000    
   1259.7566       0.0000000    
   1263.7566       0.0000000    
   1267.7566       0.0000000    
   1271.7566       0.0000000    
   1275.7566       0.0000000    
   1279.7566       0.0000000    
   1283.7566       0.0000000    
   1287.7566       0.0000000    
   1291.7566       0.0000000    
   1295.7566       0.0000000    
   1299.7566       0.0000000    
   1303.7566      -0.0000000    
   1307.7566       0.0000000    
   1311.7566       0.0000000    
   1315.7566       0.0000000    
   1319.7566      -0.0000000    
   1323.7566       0.0000000    
   1327.7566       0.0000000    
   1331.7566      -0.0000000    
   1335.7566       0.0000000    
   1339.7566      -0.0000000    
   1343.7566       0.0000000    
   1347.7566       0.0000000    
   1351.7566       0.0000000    
   1355.7566      -0.0000000    
   1359.7566       0.0000000    
   1363.7566      -0.0000000    
   1367.7566       0.0000000    
   1371.7566       0.0000000    
   1375.7566      -0.0000000    
   1379.7566       0.0000000    
   1383.7566       0.0000000    
   1387.7566      -0.0000000    
   1391.7566      -0.0000000    
   1395.7566      -0.0000000    
   1399.7566       0.0000000    
   1403.7566       0.0000000    
   1407.7566      -0.0000000    
   1411.7566       0.0000000    
   1415.7566       0.0000000    
   1419.7566      -0.0000000    
   1423.7566       0.0000000    
   1427.7566       0.0000000    
   1431.7566      -0.0000000    
   1435.7566      -0.0000000    
   1439.7566      -0.0000000    
   1443.7566       0.0000000    
   1447.7566       0.0000000    
   1451.7566      -0.0000000    
   1455.7566       0.0000000    
   1459.7566      -0.0000000    
   1463.7566       0.0000000    
   1467.7566       0.0000000    
   1471.7566      -0.0000000    
   1475.7566       0.0000000    
   1479.7566       0.0000000    
   1483.7566      -0.0000000    
   1487.7566      -0.0000000    
   1491.7566       0.0000000    
   1495.7566      -0.0000000    
   1499.7566      -0.0000000    
