   1.0000000000000000        0.0000000000000000     
   2.0000000000000000        0.0000000000000000     
   3.0000000000000000        0.0000000000000000     
   4.0000000000000000        0.0000000000000000     
   5.0000000000000000        0.0000000000000000     
   6.0000000000000000        0.0000000000000000     
   7.0000000000000000        0.0000000000000000     
   8.0000000000000000        0.0000000000000000     
   9.0000000000000000        0.0000000000000000     
   10.000000000000000        0.0000000000000000     
   11.000000000000000        0.0000000000000000     
   12.000000000000000        0.0000000000000000     
   13.000000000000000        0.0000000000000000     
   14.000000000000000        0.0000000000000000     
   15.000000000000000        0.0000000000000000     
   16.000000000000000        0.0000000000000000     
   17.000000000000000        0.0000000000000000     
   18.000000000000000        0.0000000000000000     
   19.000000000000000        0.0000000000000000     
   20.000000000000000        0.0000000000000000     
   21.000000000000000        0.0000000000000000     
   22.000000000000000        0.0000000000000000     
   23.000000000000000        0.0000000000000000     
   24.000000000000000        0.0000000000000000     
   25.000000000000000        0.0000000000000000     
   26.000000000000000        0.0000000000000000     
   27.000000000000000        0.0000000000000000     
   28.000000000000000        0.0000000000000000     
   29.000000000000000        0.0000000000000000     
   30.000000000000000        0.0000000000000000     
   31.000000000000000        0.0000000000000000     
   32.000000000000000        0.0000000000000000     
   33.000000000000000        0.0000000000000000     
   34.000000000000000        0.0000000000000000     
   35.000000000000000        0.0000000000000000     
   36.000000000000000        0.0000000000000000     
   37.000000000000000        0.0000000000000000     
   38.000000000000000        0.0000000000000000     
   39.000000000000000        0.0000000000000000     
   40.000000000000000        0.0000000000000000     
   41.000000000000000        0.0000000000000000     
   42.000000000000000        0.0000000000000000     
   43.000000000000000        0.0000000000000000     
   44.000000000000000        0.0000000000000000     
   45.000000000000000        0.0000000000000000     
   46.000000000000000        0.0000000000000000     
   47.000000000000000        0.0000000000000000     
   48.000000000000000        0.0000000000000000     
   49.000000000000000        0.0000000000000000     
   50.000000000000000        0.0000000000000000     
   51.000000000000000        0.0000000000000000     
   52.000000000000000        0.0000000000000000     
   53.000000000000000        0.0000000000000000     
   54.000000000000000        0.0000000000000000     
   55.000000000000000        0.0000000000000000     
   56.000000000000000        0.0000000000000000     
   57.000000000000000        0.0000000000000000     
   58.000000000000000        0.0000000000000000     
   59.000000000000000        0.0000000000000000     
   60.000000000000000        0.0000000000000000     
   61.000000000000000        0.0000000000000000     
   62.000000000000000        0.0000000000000000     
   63.000000000000000        0.0000000000000000     
   64.000000000000000        0.0000000000000000     
   65.000000000000000        0.0000000000000000     
   66.000000000000000        0.0000000000000000     
   67.000000000000000        0.0000000000000000     
   68.000000000000000        0.0000000000000000     
   69.000000000000000        0.0000000000000000     
   70.000000000000000        0.0000000000000000     
   71.000000000000000        0.0000000000000000     
   72.000000000000000        0.0000000000000000     
   73.000000000000000        0.0000000000000000     
   74.000000000000000        0.0000000000000000     
   75.000000000000000        0.0000000000000000     
   76.000000000000000        0.0000000000000000     
   77.000000000000000        0.0000000000000000     
   78.000000000000000        0.0000000000000000     
   79.000000000000000        0.0000000000000000     
   80.000000000000000        0.0000000000000000     
   81.000000000000000        0.0000000000000000     
   82.000000000000000        0.0000000000000000     
   83.000000000000000        0.0000000000000000     
   84.000000000000000        0.0000000000000000     
   85.000000000000000        0.0000000000000000     
   86.000000000000000        0.0000000000000000     
   87.000000000000000        0.0000000000000000     
   88.000000000000000        0.0000000000000000     
   89.000000000000000        0.0000000000000000     
   90.000000000000000        0.0000000000000000     
   91.000000000000000        0.0000000000000000     
   92.000000000000000        0.0000000000000000     
   93.000000000000000        0.0000000000000000     
   94.000000000000000        0.0000000000000000     
   95.000000000000000        0.0000000000000000     
   96.000000000000000        0.0000000000000000     
   97.000000000000000        0.0000000000000000     
   98.000000000000000        0.0000000000000000     
   99.000000000000000        0.0000000000000000     
   100.00000000000000        0.0000000000000000     
   101.00000000000000       3.16605044371913956E-094
   102.00000000000000        3.9316556451785512     
   103.00000000000000        38.695476696654900     
   104.00000000000000        81.461754067376106     
   105.00000000000000        115.90019074130221     
   106.00000000000000        140.83392945499020     
   107.00000000000000        158.10775062262590     
   108.00000000000000        169.63257248304132     
   109.00000000000000        176.90463712672982     
   110.00000000000000        181.02638232531302     
   111.00000000000000        182.80162603569613     
   112.00000000000000        182.81961558878709     
   113.00000000000000        181.51689243719534     
   114.00000000000000        179.22070574516235     
   115.00000000000000        176.17919962237477     
   116.00000000000000        172.58251047808758     
   117.00000000000000        168.57767125757476     
   118.00000000000000        164.27927727840654     
   119.00000000000000        159.77722213799581     
   120.00000000000000        155.14238306734663     
   121.00000000000000        150.43085227154754     
   122.00000000000000        145.68712369222646     
   123.00000000000000        140.94651976622586     
   124.00000000000000        136.23705850333954     
   125.00000000000000        131.58090366689865     
   126.00000000000000        126.99550105852710     
   127.00000000000000        122.49447606630122     
   128.00000000000000        118.08834791865146     
   129.00000000000000        113.78510196420346     
   130.00000000000000        109.59065107273946     
   131.00000000000000        105.50920977250726     
   132.00000000000000        101.54359921353692     
   133.00000000000000        97.695496926827985     
   134.00000000000000        93.965642250533193     
   135.00000000000000        90.354005944086154     
   136.00000000000000        86.859930714683401     
   137.00000000000000        83.482247996933197     
   138.00000000000000        80.219375253343898     
   139.00000000000000        77.069397225377401     
   140.00000000000000        74.030133906311505     
   141.00000000000000        71.099197486560456     
   142.00000000000000        68.274040108147958     
   143.00000000000000        65.551993934060974     
   144.00000000000000        62.930304772216303     
   145.00000000000000        60.406160278930592     
   146.00000000000000        57.976713592436674     
   147.00000000000000        55.639103104866912     
   148.00000000000000        53.390468964771010     
   149.00000000000000        51.227966806590651     
   150.00000000000000        49.148779124581729     
   151.00000000000000        47.150124643295364     
   152.00000000000000        45.229265982380575     
   153.00000000000000        43.383515868140776     
   154.00000000000000        41.610242106344636     
   155.00000000000000        39.906871498953983     
   156.00000000000000        38.270892860629530     
   157.00000000000000        36.699859268250535     
   158.00000000000000        35.191389657533755     
   159.00000000000000        33.743169864588204     
   160.00000000000000        32.352953196419755     
   161.00000000000000        31.018560602616663     
   162.00000000000000        29.737880510380130     
   163.00000000000000        28.508868376445349     
   164.00000000000000        27.329546002046484     
   165.00000000000000        26.198000650726868     
   166.00000000000000        25.112384003328220     
   167.00000000000000        24.070910979779335     
   168.00000000000000        23.071858453235052     
   169.00000000000000        22.113563878598256     
   170.00000000000000        21.194423854412204     
   171.00000000000000        20.312892634471364     
   172.00000000000000        19.467480603209314     
   173.00000000000000        18.656752726934911     
   174.00000000000000        17.879326991259830     
   175.00000000000000        17.133872833559469     
   176.00000000000000        16.419109578001642     
   177.00000000000000        15.733804879540779     
   178.00000000000000        15.076773182284736     
   179.00000000000000        14.446874196779405     
   180.00000000000000        13.843011400005445     
   181.00000000000000        13.264130561228107     
   182.00000000000000        12.709218296272210     
   183.00000000000000        12.177300652299934     
   184.00000000000000        11.667441724739071     
   185.00000000000000        11.178742307636192     
   186.00000000000000        10.710338578385665     
   187.00000000000000        10.261400817505150     
   188.00000000000000        9.8311321638862914     
   189.00000000000000        9.4187674057404642     
   190.00000000000000        9.0235718072801152     
   191.00000000000000        8.6448399710224066     
   192.00000000000000        8.2818947354707415     
   193.00000000000000        7.9340861078182279     
   194.00000000000000        7.6007902312229838     
   195.00000000000000        7.2814083861263859     
   196.00000000000000        6.9753660250195333     
   197.00000000000000        6.6821118400094539     
   198.00000000000000        6.4011168624927164     
   199.00000000000000        6.1318735942092939     
   200.00000000000000        5.8738951689225747     
   201.00000000000000        5.6267145439510937     
   202.00000000000000        5.3898837207633230     
   203.00000000000000        5.1629729938376636     
   204.00000000000000        4.9455702269850663     
   205.00000000000000        4.7372801563308551     
   206.00000000000000        4.5377237191548101     
   207.00000000000000        4.3465374077938606     
   208.00000000000000        4.1633726478194468     
   209.00000000000000        3.9878951997115077     
   210.00000000000000        3.8197845832625092     
   211.00000000000000        3.6587335239579852     
   212.00000000000000        3.5044474205943050     
   213.00000000000000        3.3566438334095126     
   214.00000000000000        3.2150519920191676     
   215.00000000000000        3.0794123224656786     
   216.00000000000000        2.9494759927067529     
   217.00000000000000        2.8250044758860007     
   218.00000000000000        2.7057691307464422     
   219.00000000000000        2.5915507985653981     
   220.00000000000000        2.4821394160071950     
   221.00000000000000        2.3773336433078156     
   222.00000000000000        2.2769405072234252     
   223.00000000000000        2.1807750581922596     
   224.00000000000000        2.0886600411766962     
   225.00000000000000        2.0004255796695216     
   226.00000000000000        1.9159088723652133     
   227.00000000000000        1.8349539020136578     
   228.00000000000000        1.7574111559899417     
   229.00000000000000        1.6831373581297564     
   230.00000000000000        1.6119952113954852     
   231.00000000000000        1.5438531509532212     
   232.00000000000000        1.4785851072557239     
   233.00000000000000        1.4160702787407635     
   234.00000000000000        1.3561929137682760     
   235.00000000000000        1.2988421014333784     
   236.00000000000000        1.2439115709055548     
   237.00000000000000        1.1912994989570975     
   238.00000000000000        1.1409083253564112     
   239.00000000000000        1.0926445758137766     
   240.00000000000000        1.0464186921789145     
   241.00000000000000        1.0021448696009607     
   242.00000000000000       0.95974090037242776     
   243.00000000000000       0.91912802418927997     
   244.00000000000000       0.88023078456950177     
   245.00000000000000       0.84297689118239949     
   246.00000000000000       0.80729708785040377     
   247.00000000000000       0.77312502599436950     
   248.00000000000000       0.74039714330223305     
   249.00000000000000       0.70905254740946144     
   250.00000000000000       0.67903290438798425     
   251.00000000000000       0.65028233184827899     
   252.00000000000000       0.62274729646692939     
   253.00000000000000       0.59637651575939699     
   254.00000000000000       0.57112086392484829     
   255.00000000000000       0.54693328159674826     
   256.00000000000000       0.52376868933953746     
   257.00000000000000       0.50158390473804926     
   258.00000000000000       0.48033756293245955     
   259.00000000000000       0.45999004045743369     
   260.00000000000000       0.44050338224979796     
   261.00000000000000       0.42184123169451060     
   262.00000000000000       0.40396876358394529     
   263.00000000000000       0.38685261987052505     
   264.00000000000000       0.37046084809759422     
   265.00000000000000       0.35476284239806438     
   266.00000000000000       0.33972928695484017     
   267.00000000000000       0.32533210182132993     
   268.00000000000000       0.31154439100446957     
   269.00000000000000       0.29834039271666429     
   270.00000000000000       0.28569543170684802     
   271.00000000000000       0.27358587358453285     
   272.00000000000000       0.26198908105423263     
   273.00000000000000       0.25088337198100952     
   274.00000000000000       0.24024797921115290     
   275.00000000000000       0.23006301207508964     
   276.00000000000000       0.22030941950263272     
   277.00000000000000       0.21096895468352581     
   278.00000000000000       0.20202414120900794     
   279.00000000000000       0.19345824063275505     
   280.00000000000000       0.18525522139209627     
   281.00000000000000       0.17739972903283688     
   282.00000000000000       0.16987705768335046     
   283.00000000000000       0.16267312272585019     
   284.00000000000000       0.15577443461489487     
   285.00000000000000       0.14916807379525085     
   286.00000000000000       0.14284166667320761     
   287.00000000000000       0.13678336259734908     
   288.00000000000000       0.13098181180659613     
   289.00000000000000       0.12542614430509066     
   290.00000000000000       0.12010594962516322     
   291.00000000000000       0.11501125744123432     
   292.00000000000000       0.11013251899904219     
   293.00000000000000       0.10546058932606768     
   294.00000000000000       0.10098671019044488     
   295.00000000000000       9.67024937770060433E-002
   296.00000000000000       9.25999070504132799E-002
   297.00000000000000       8.86712567765796933E-002
   298.00000000000000       8.49091751747820672E-002
   299.00000000000000       8.13066061740157775E-002
   300.00000000000000       7.78567922482453906E-002
   301.00000000000000       7.45532618062615393E-002
   302.00000000000000       7.13898171128664882E-002
   303.00000000000000       6.83605227190837994E-002
   304.00000000000000       6.54596943800163922E-002
   305.00000000000000       6.26818884398721160E-002
   306.00000000000000       6.00218916645300776E-002
   307.00000000000000       5.74747115028416758E-002
   308.00000000000000       5.50355667586473543E-002
   309.00000000000000       5.26998786562409907E-002
   310.00000000000000       5.04632622827402774E-002
   311.00000000000000       4.83215183915098045E-002
   312.00000000000000       4.62706255514503881E-002
   313.00000000000000       4.43067326276010559E-002
   314.00000000000000       4.24261515791134747E-002
   315.00000000000000       4.06253505612383797E-002
   316.00000000000000       3.89009473185278620E-002
   317.00000000000000       3.72497028569905783E-002
   318.00000000000000       3.56685153834531074E-002
   319.00000000000000       3.41544145008723030E-002
   320.00000000000000       3.27045556488171352E-002
   321.00000000000000       3.13162147787889242E-002
   322.00000000000000       2.99867832544853039E-002
   323.00000000000000       2.87137629675260561E-002
   324.00000000000000       2.74947616595589139E-002
   325.00000000000000       2.63274884420447337E-002
   326.00000000000000       2.52097495053862607E-002
   327.00000000000000       2.41394440094160438E-002
   328.00000000000000       2.31145601475939259E-002
   329.00000000000000       2.21331713775867606E-002
   330.00000000000000       2.11934328112108467E-002
   331.00000000000000       2.02935777570128137E-002
   332.00000000000000       1.94319144090479290E-002
   333.00000000000000       1.86068226756853014E-002
   334.00000000000000       1.78167511425299623E-002
   335.00000000000000       1.70602141637993567E-002
   336.00000000000000       1.63357890767319679E-002
   337.00000000000000       1.56421135338319778E-002
   338.00000000000000       1.49778829479747487E-002
   339.00000000000000       1.43418480456060943E-002
   340.00000000000000       1.37328125234699016E-002
   341.00000000000000       1.31496308044903518E-002
   342.00000000000000       1.25912058886204267E-002
   343.00000000000000       1.20564872946436943E-002
   344.00000000000000       1.15444690890861585E-002
   345.00000000000000       1.10541879985573584E-002
   346.00000000000000       1.05847216019941143E-002
   347.00000000000000       1.01351865994300534E-002
   348.00000000000000       9.70473715405601942E-003
   349.00000000000000       9.29256330447275104E-003
   350.00000000000000       8.89788944416848408E-003
   351.00000000000000       8.51997286537877103E-003
   352.00000000000000       8.15810236460638369E-003
   353.00000000000000       7.81159690719337389E-003
   354.00000000000000       7.47980434844809118E-003
   355.00000000000000       7.16210020893490087E-003
   356.00000000000000       6.85788650163571527E-003
   357.00000000000000       6.56659060878885762E-003
   358.00000000000000       6.28766420630381181E-003
   359.00000000000000       6.02058223373873498E-003
   360.00000000000000       5.76484190791308210E-003
   361.00000000000000       5.51996177830880921E-003
   362.00000000000000       5.28548082249183111E-003
   363.00000000000000       5.06095757985991403E-003
   364.00000000000000       4.84596932209505234E-003
   365.00000000000000       4.64011125876661028E-003
   366.00000000000000       4.44299577659742345E-003
   367.00000000000000       4.25425171096781556E-003
   368.00000000000000       4.07352364829270154E-003
   369.00000000000000       3.90047125796478492E-003
   370.00000000000000       3.73476865261200552E-003
   371.00000000000000       3.57610377547027672E-003
   372.00000000000000       3.42417781372344760E-003
   373.00000000000000       3.27870463671075824E-003
   374.00000000000000       3.13941025794870583E-003
   375.00000000000000       3.00603231995873275E-003
   376.00000000000000       2.87831960093483559E-003
   377.00000000000000       2.75603154232597269E-003
   378.00000000000000       2.63893779644745665E-003
   379.00000000000000       2.52681779327279575E-003
   380.00000000000000       2.41946032559346843E-003
   381.00000000000000       2.31666315176851318E-003
   382.00000000000000       2.21823261531866028E-003
   383.00000000000000       2.12398328065136009E-003
   384.00000000000000       2.03373758423315565E-003
   385.00000000000000       1.94732550055492929E-003
   386.00000000000000       1.86458422226313527E-003
   387.00000000000000       1.78535785385669260E-003
   388.00000000000000       1.70949711837466590E-003
   389.00000000000000       1.63685907652418375E-003
   390.00000000000000       1.56730685772132547E-003
   391.00000000000000       1.50070940254004278E-003
   392.00000000000000       1.43694121608563372E-003
   393.00000000000000       1.37588213182961226E-003
   394.00000000000000       1.31741708546262285E-003
   395.00000000000000       1.26143589834062150E-003
   396.00000000000000       1.20783307011771888E-003
   397.00000000000000       1.15650758017617986E-003
   398.00000000000000       1.10736269748061707E-003
   399.00000000000000       1.06030579849923732E-003
   400.00000000000000       1.01524819285006974E-003
   401.00000000000000       9.72104956344652018E-004
   402.00000000000000       9.30794771115518098E-004
   403.00000000000000       8.91239772527062987E-004
   404.00000000000000       8.53365402582189074E-004
   405.00000000000000       8.17100269549225571E-004
   406.00000000000000       7.82376013545360138E-004
   407.00000000000000       7.49127177823952217E-004
   408.00000000000000       7.17291085523831507E-004
   409.00000000000000       6.86807721648918573E-004
   410.00000000000000       6.57619620056344180E-004
   411.00000000000000       6.29671755240613154E-004
   412.00000000000000       6.02911438710406465E-004
   413.00000000000000       5.77288219763185534E-004
   414.00000000000000       5.52753790471079013E-004
   415.00000000000000       5.29261894699381802E-004
   416.00000000000000       5.06768240986624316E-004
   417.00000000000000       4.85230419122365680E-004
   418.00000000000000       4.64607820265871738E-004
   419.00000000000000       4.44861560455426922E-004
   420.00000000000000       4.25954407364450692E-004
   421.00000000000000       4.07850710166655754E-004
   422.00000000000000       3.90516332378335453E-004
   423.00000000000000       3.73918587551468572E-004
   424.00000000000000       3.58026177696676821E-004
   425.00000000000000       3.42809134320202331E-004
   426.00000000000000       3.28238761963988552E-004
   427.00000000000000       3.14287584142641763E-004
   428.00000000000000       3.00929291575571215E-004
   429.00000000000000       2.88138692616904596E-004
   430.00000000000000       2.75891665789912411E-004
   431.00000000000000       2.64165114336630512E-004
   432.00000000000000       2.52936922697163187E-004
   433.00000000000000       2.42185914836763296E-004
   434.00000000000000       2.31891814342276466E-004
   435.00000000000000       2.22035206212846913E-004
   436.00000000000000       2.12597500272983247E-004
   437.00000000000000       2.03560896139121604E-004
   438.00000000000000       1.94908349673748654E-004
   439.00000000000000       1.86623540863944742E-004
   440.00000000000000       1.78690843063888000E-004
   441.00000000000000       1.71095293543421057E-004
   442.00000000000000       1.63822565287239779E-004
   443.00000000000000       1.56858939991619408E-004
   444.00000000000000       1.50191282207840957E-004
   445.00000000000000       1.43807014583640448E-004
   446.00000000000000       1.37694094156067220E-004
   447.00000000000000       1.31840989651120342E-004
   448.00000000000000       1.26236659747416775E-004
   449.00000000000000       1.20870532262969580E-004
   450.00000000000000       1.15732484225884049E-004
   451.00000000000000       1.10812822791442193E-004
   452.00000000000000       1.06102266969647230E-004
   453.00000000000000       1.01591930128811683E-004
   454.00000000000000       9.72733032422455114E-005
   455.00000000000000       9.31382388464895987E-005
   456.00000000000000       8.91789356808862657E-005
   457.00000000000000       8.53879239795555470E-005
   458.00000000000000       8.17580513880742418E-005
   459.00000000000000       7.82824694783372218E-005
   460.00000000000000       7.49546208361944122E-005
   461.00000000000000       7.17682266975474203E-005
   462.00000000000000       6.87172751096137055E-005
   463.00000000000000       6.57960095950574603E-005
   464.00000000000000       6.29989182976344080E-005
   465.00000000000000       6.03207235889025801E-005
   466.00000000000000       5.77563721164187747E-005
   467.00000000000000       5.53010252746727470E-005
   468.00000000000000       5.29500500808068514E-005
   469.00000000000000       5.06990104379309391E-005
   470.00000000000000       4.85436587695711464E-005
   471.00000000000000       4.64799280094914499E-005
   472.00000000000000       4.45039239317956991E-005
   473.00000000000000       4.26119178068576164E-005
   474.00000000000000       4.08003393692410246E-005
   475.00000000000000       3.90657700843598051E-005
   476.00000000000000       3.74049367011888934E-005
   477.00000000000000       3.58147050788776815E-005
   478.00000000000000       3.42920742756319127E-005
   479.00000000000000       3.28341708887247181E-005
   480.00000000000000       3.14382436349702301E-005
   481.00000000000000       3.01016581614459284E-005
   482.00000000000000       2.88218920766846514E-005
   483.00000000000000       2.75965301929706610E-005
   484.00000000000000       2.64232599707730524E-005
   485.00000000000000       2.52998671567311153E-005
   486.00000000000000       2.42242316069690741E-005
   487.00000000000000       2.31943232878680930E-005
   488.00000000000000       2.22081984467578039E-005
   489.00000000000000       2.12639959453091061E-005
   490.00000000000000       2.03599337487164761E-005
   491.00000000000000       1.94943055640522883E-005
   492.00000000000000       1.86654776214565062E-005
   493.00000000000000       1.78718855920927842E-005
   494.00000000000000       1.71120316370625154E-005
   495.00000000000000       1.63844815817123416E-005
   496.00000000000000       1.56878622100085365E-005
   497.00000000000000       1.50208586738777463E-005
   498.00000000000000       1.43822120126293566E-005
   499.00000000000000       1.37707167777832373E-005
   500.00000000000000       1.31852187588247637E-005
   501.00000000000000       1.26246128055993503E-005
   502.00000000000000       1.20878407432400938E-005
   503.00000000000000       1.15738893756986171E-005
   504.00000000000000       1.10817885741130346E-005
   505.00000000000000       1.06106094464098761E-005
   506.00000000000000       1.01594625846883825E-005
   507.00000000000000       9.72749638708168040E-006
   508.00000000000000       9.31389545093164572E-006
   509.00000000000000       8.91787903424656257E-006
   510.00000000000000       8.53869958254078951E-006
   511.00000000000000       8.17564131827833278E-006
   512.00000000000000       7.82801889026040246E-006
   513.00000000000000       7.49517608040987192E-006
   514.00000000000000       7.17648456551390976E-006
   515.00000000000000       6.87134273158960425E-006
   516.00000000000000       6.57917453863653532E-006
   517.00000000000000       6.29942843363538430E-006
   518.00000000000000       6.03157630974250857E-006
   519.00000000000000       5.77511250971743134E-006
   520.00000000000000       5.52955287170400741E-006
   521.00000000000000       5.29443381556502352E-006
   522.00000000000000       5.06931146804764179E-006
   523.00000000000000       4.85376082512909258E-006
   524.00000000000000       4.64737494996298015E-006
   525.00000000000000       4.44976420491335680E-006
   526.00000000000000       4.26055551622805972E-006
   527.00000000000000       4.07939166996409419E-006
   528.00000000000000       3.90593063783739564E-006
   529.00000000000000       3.73984493172495962E-006
   530.00000000000000       3.58082098560197814E-006
   531.00000000000000       3.42855856374798030E-006
   532.00000000000000       3.28277019410576839E-006
   533.00000000000000       3.14318062572407569E-006
   534.00000000000000       3.00952630926058903E-006
   535.00000000000000       2.88155489956534923E-006
   536.00000000000000       2.75902477940600700E-006
   537.00000000000000       2.64170460343672078E-006
   538.00000000000000       2.52937286155007421E-006
   539.00000000000000       2.42181746078852718E-006
   540.00000000000000       2.31883532502648827E-006
   541.00000000000000       2.22023201166779242E-006
   542.00000000000000       2.12582134463556860E-006
   543.00000000000000       2.03542506296186361E-006
   544.00000000000000       1.94887248431424310E-006
   545.00000000000000       1.86600018282439369E-006
   546.00000000000000       1.78665168061097316E-006
   547.00000000000000       1.71067715241467166E-006
   548.00000000000000       1.63793314278816031E-006
   549.00000000000000       1.56828229530739813E-006
   550.00000000000000       1.50159309329333194E-006
   551.00000000000000       1.43773961155475197E-006
   552.00000000000000       1.37660127868394232E-006
   553.00000000000000       1.31806264945656099E-006
   554.00000000000000       1.26201318690629214E-006
   555.00000000000000       1.20834705366312562E-006
   556.00000000000000       1.15696291216142609E-006
   557.00000000000000       1.10776373334087851E-006
   558.00000000000000       1.06065661347933565E-006
   559.00000000000000       1.01555259881184959E-006
   560.00000000000000       9.72366517605025453E-007
   561.00000000000000       9.31016819369778040E-007
   562.00000000000000       8.91425420909065026E-007
   563.00000000000000       8.53517558910106638E-007
   564.00000000000000       8.17221648802895600E-007
   565.00000000000000       7.82469149618643035E-007
   566.00000000000000       7.49194434593149318E-007
   567.00000000000000       7.17334667270893809E-007
   568.00000000000000       6.86829682876028183E-007
   569.00000000000000       6.57621874726398095E-007
   570.00000000000000       6.29656085476235408E-007
   571.00000000000000       6.02879502982270601E-007
   572.00000000000000       5.77241560596724170E-007
   573.00000000000000       5.52693841699027616E-007
   574.00000000000000       5.29189988286054301E-007
   575.00000000000000       5.06685613448405333E-007
   576.00000000000000       4.85138217567492758E-007
   577.00000000000000       4.64507108075311936E-007
   578.00000000000000       4.44753322625422912E-007
   579.00000000000000       4.25839555530155838E-007
   580.00000000000000       4.07730087325184217E-007
   581.00000000000000       3.90390717328539302E-007
   582.00000000000000       3.73788699066756367E-007
   583.00000000000000       3.57892678446287271E-007
   584.00000000000000       3.42672634553474790E-007
   585.00000000000000       3.28099822971340190E-007
   586.00000000000000       3.14146721506215855E-007
   587.00000000000000       3.00786978221755375E-007
   588.00000000000000       2.87995361682246544E-007
   589.00000000000000       2.75747713311310952E-007
   590.00000000000000       2.64020901776054700E-007
   591.00000000000000       2.52792779310571722E-007
   592.00000000000000       2.42042139896355456E-007
   593.00000000000000       2.31748679220677116E-007
   594.00000000000000       2.21892956337343563E-007
   595.00000000000000       2.12456356957477627E-007
   596.00000000000000       2.03421058301003035E-007
   597.00000000000000       1.94769995442504859E-007
   598.00000000000000       1.86486829087927747E-007
   599.00000000000000       1.78555914721279637E-007
   600.00000000000000       1.70962273063110390E-007
   601.00000000000000       1.63691561784982626E-007
   602.00000000000000       1.56730048426554056E-007
   603.00000000000000       1.50064584464130182E-007
   604.00000000000000       1.43682580481747013E-007
   605.00000000000000       1.37571982397903703E-007
   606.00000000000000       1.31721248703064602E-007
   607.00000000000000       1.26119328664967495E-007
   608.00000000000000       1.20755641460582338E-007
   609.00000000000000       1.15620056195330460E-007
   610.00000000000000       1.10702872771843389E-007
   611.00000000000000       1.05994803572140108E-007
   612.00000000000000       1.01486955918642552E-007
   613.00000000000000       9.71708152809174655E-008
   614.00000000000000       9.30382291964377394E-008
   615.00000000000000       8.90813918750104365E-008
   616.00000000000000       8.52928294578002082E-008
   617.00000000000000       8.16653859031226127E-008
   618.00000000000000       7.81922094723561089E-008
   619.00000000000000       7.48667397904591775E-008
   620.00000000000000       7.16826954566642340E-008
   621.00000000000000       6.86340621819544471E-008
   622.00000000000000       6.57150814309281633E-008
   623.00000000000000       6.29202395466064582E-008
   624.00000000000000       6.02442573376480313E-008
   625.00000000000000       5.76820801083167459E-008
   626.00000000000000       5.52288681123701986E-008
   627.00000000000000       5.28799874128521106E-008
   628.00000000000000       5.06310011305257015E-008
   629.00000000000000       4.84776610644281584E-008
   630.00000000000000       4.64158996687205751E-008
   631.00000000000000       4.44418223706871260E-008
   632.00000000000000       4.25517002153787334E-008
   633.00000000000000       4.07419628230107980E-008
   634.00000000000000       3.90091916458189009E-008
   635.00000000000000       3.73501135116411725E-008
   636.00000000000000       3.57615944420324377E-008
   637.00000000000000       3.42406337332419199E-008
   638.00000000000000       3.27843582888748155E-008
   639.00000000000000       3.13900171935374404E-008
   640.00000000000000       3.00549765172198432E-008
   641.00000000000000       2.87767143406054494E-008
   642.00000000000000       2.75528159919120062E-008
   643.00000000000000       2.63809694862731743E-008
   644.00000000000000       2.52589611590456615E-008
   645.00000000000000       2.41846714847980026E-008
   646.00000000000000       2.31560710740853547E-008
   647.00000000000000       2.21712168404506971E-008
   648.00000000000000       2.12282483304152372E-008
   649.00000000000000       2.03253842095267269E-008
   650.00000000000000       1.94609188978302427E-008
   651.00000000000000       1.86332193484090390E-008
   652.00000000000000       1.78407219629101625E-008
   653.00000000000000       1.70819296382323188E-008
   654.00000000000000       1.63554089387967952E-008
   655.00000000000000       1.56597873890635086E-008
   656.00000000000000       1.49937508811773266E-008
   657.00000000000000       1.43560411928511374E-008
   658.00000000000000       1.37454536107964265E-008
   659.00000000000000       1.31608346552149508E-008
   660.00000000000000       1.26010799010532082E-008
   661.00000000000000       1.20651318919053609E-008
   662.00000000000000       1.15519781426256587E-008
   663.00000000000000       1.10606492268775561E-008
   664.00000000000000       1.05902169460081832E-008
   665.00000000000000       1.01397925757901723E-008
   666.00000000000000       9.70852518771933282E-009
   667.00000000000000       9.29560004169858582E-009
   668.00000000000000       8.90023704707191025E-009
   669.00000000000000       8.52168928910237225E-009
   670.00000000000000       8.15924161811120526E-009
   671.00000000000000       7.81220929861358536E-009
   672.00000000000000       7.47993671589972939E-009
   673.00000000000000       7.16179613761844485E-009
   674.00000000000000       6.85718652802479033E-009
   675.00000000000000       6.56553241265168333E-009
   676.00000000000000       6.28628279126205278E-009
   677.00000000000000       6.01891009702769964E-009
   678.00000000000000       5.76290919996984106E-009
   679.00000000000000       5.51779645277874764E-009
   680.00000000000000       5.28310877721048260E-009
   681.00000000000000       5.05840278933537780E-009
   682.00000000000000       4.84325396198587667E-009
   683.00000000000000       4.63725582282220931E-009
   684.00000000000000       4.44001918650086476E-009
   685.00000000000000       4.25117141949623877E-009
   686.00000000000000       4.07035573618623213E-009
   687.00000000000000       3.89723052487293467E-009
   688.00000000000000       3.73146870246509928E-009
   689.00000000000000       3.57275709660356568E-009
   690.00000000000000       3.42079585406283193E-009
   691.00000000000000       3.27529787431118085E-009
   692.00000000000000       3.13598826715971819E-009
   693.00000000000000       3.00260383347567423E-009
   694.00000000000000       2.87489256797942344E-009
   695.00000000000000       2.75261318318597523E-009
   696.00000000000000       2.63553465359177386E-009
   697.00000000000000       2.52343577924590280E-009
   698.00000000000000       2.41610476788137240E-009
   699.00000000000000       2.31333883481715842E-009
   700.00000000000000       2.21494381987539378E-009
   701.00000000000000       2.12073382058994897E-009
   702.00000000000000       2.03053084101384678E-009
   703.00000000000000       1.94416445546195279E-009
   704.00000000000000       1.86147148655386941E-009
   705.00000000000000       1.78229569694897472E-009
   706.00000000000000       1.70648749419123354E-009
   707.00000000000000       1.63390364810633815E-009
   708.00000000000000       1.56440702021733937E-009
   709.00000000000000       1.49786630466770924E-009
   710.00000000000000       1.43415578016239640E-009
   711.00000000000000       1.37315507245843352E-009
   712.00000000000000       1.31474892695631017E-009
   713.00000000000000       1.25882699096270146E-009
   714.00000000000000       1.20528360521317047E-009
   715.00000000000000       1.15401760426110592E-009
   716.00000000000000       1.10493212535577936E-009
   717.00000000000000       1.05793442544857844E-009
   718.00000000000000       1.01293570598168866E-009
   719.00000000000000       9.69850945128299526E-010
   720.00000000000000       9.28598737167428198E-010
   721.00000000000000       8.89101138689921243E-010
   722.00000000000000       8.51283521345185975E-010
   723.00000000000000       8.15074430850420298E-010
   724.00000000000000       7.80405451996054434E-010
   725.00000000000000       7.47211079392394999E-010
   726.00000000000000       7.15428593713303317E-010
   727.00000000000000       6.84997943203146635E-010
   728.00000000000000       6.55861630223150964E-010
   729.00000000000000       6.27964602622903581E-010
   730.00000000000000       6.01254149731735553E-010
   731.00000000000000       5.75679802773549684E-010
   732.00000000000000       5.51193239516966015E-010
   733.00000000000000       5.27748192980662065E-010
   734.00000000000000       5.05300364021438692E-010
   735.00000000000000       4.83807337639905903E-010
   736.00000000000000       4.63228502845672068E-010
   737.00000000000000       4.43524975930648570E-010
   738.00000000000000       4.24659527005545731E-010
   739.00000000000000       4.06596509660775336E-010
   740.00000000000000       3.89301793618875167E-010
   741.00000000000000       3.72742700251232515E-010
   742.00000000000000       3.56887940837306668E-010
   743.00000000000000       3.41707557449685373E-010
   744.00000000000000       3.27172866353340441E-010
   745.00000000000000       3.13256403812113399E-010
   746.00000000000000       2.99931874200094164E-010
   747.00000000000000       2.87174100319833019E-010
   748.00000000000000       2.74958975833560433E-010
   749.00000000000000       2.63263419717528122E-010
   750.00000000000000       2.52065332653442500E-010
   751.00000000000000       2.41343555274599801E-010
   752.00000000000000       2.31077828187851998E-010
   753.00000000000000       2.21248753695862571E-010
   754.00000000000000       2.11837759147363099E-010
   755.00000000000000       2.02827061846147776E-010
   756.00000000000000       1.94199635452531037E-010
   757.00000000000000       1.85939177813784361E-010
   758.00000000000000       1.78030080162784801E-010
   759.00000000000000       1.70457397626678483E-010
   760.00000000000000       1.63206820989848340E-010
   761.00000000000000       1.56264649657843274E-010
   762.00000000000000       1.49617765771182416E-010
   763.00000000000000       1.43253609420141841E-010
   764.00000000000000       1.37160154913688240E-010
   765.00000000000000       1.31325888057736281E-010
   766.00000000000000       1.25739784399791513E-010
   767.00000000000000       1.20391288398889708E-010
   768.00000000000000       1.15270293481470403E-010
   769.00000000000000       1.10367122945510501E-010
   770.00000000000000       1.05672511676839261E-010
   771.00000000000000       1.01177588643091797E-010
   772.00000000000000       9.68738601322280805E-011
   773.00000000000000       9.27531937039501960E-011
   774.00000000000000       8.88078028236995773E-011
   775.00000000000000       8.50302321501997214E-011
   776.00000000000000       8.14133434487519098E-011
   777.00000000000000       7.79503021036688590E-011
   778.00000000000000       7.46345642043647702E-011
   779.00000000000000       7.14598641807013694E-011
   780.00000000000000       6.84202029642336043E-011
   781.00000000000000       6.55098366529842313E-011
   782.00000000000000       6.27232656583320424E-011
   783.00000000000000       6.00552243135118757E-011
   784.00000000000000       5.75006709240888805E-011
   785.00000000000000       5.50547782416132000E-011
   786.00000000000000       5.27129243424541624E-011
   787.00000000000000       5.04706838945811772E-011
   788.00000000000000       4.83238197957945385E-011
   789.00000000000000       4.62682751676016732E-011
   790.00000000000000       4.43001656896196008E-011
   791.00000000000000       4.24157722600148320E-011
   792.00000000000000       4.06115339681166555E-011
   793.00000000000000       3.88840413659264458E-011
   794.00000000000000       3.72300300258090253E-011
   795.00000000000000       3.56463743721947521E-011
   796.00000000000000       3.41300817756395226E-011
   797.00000000000000       3.26782868980808831E-011
   798.00000000000000       3.12882462786108105E-011
   799.00000000000000       2.99573331495305162E-011
   800.00000000000000       2.86830324728970951E-011
   801.00000000000000       2.74629361881814663E-011
   802.00000000000000       2.62947386620593732E-011
   803.00000000000000       2.51762323317385907E-011
   804.00000000000000       2.41053035335898509E-011
   805.00000000000000       2.30799285092012600E-011
   806.00000000000000       2.20981695813088782E-011
   807.00000000000000       2.11581714923784440E-011
   808.00000000000000       2.02581578989213526E-011
   809.00000000000000       1.93964280149189504E-011
   810.00000000000000       1.85713533980153380E-011
   811.00000000000000       1.77813748724052978E-011
   812.00000000000000       1.70249995826029478E-011
   813.00000000000000       1.63007981725253995E-011
   814.00000000000000       1.56074020845608559E-011
   815.00000000000000       1.49435009735175256E-011
   816.00000000000000       1.43078402305680095E-011
   817.00000000000000       1.36992186125098739E-011
   818.00000000000000       1.31164859718635174E-011
   819.00000000000000       1.25585410835182576E-011
   820.00000000000000       1.20243295638198980E-011
   821.00000000000000       1.15128418781683012E-011
   822.00000000000000       1.10231114333603596E-011
   823.00000000000000       1.05542127510734661E-011
   824.00000000000000       1.01052597190386474E-011
   825.00000000000000       9.67540391659879786E-012
   826.00000000000000       9.26383301148837047E-012
   827.00000000000000       8.86976922480500917E-012
   828.00000000000000       8.49246786127264536E-012
   829.00000000000000       8.13121590201924584E-012
   830.00000000000000       7.78533065721000740E-012
   831.00000000000000       7.45415847599027549E-012
   832.00000000000000       7.13707351130029166E-012
   833.00000000000000       6.83347653722848897E-012
   834.00000000000000       6.54279381666780446E-012
   835.00000000000000       6.26447601713640681E-012
   836.00000000000000       5.99799717271320353E-012
   837.00000000000000       5.74285369012765879E-012
   838.00000000000000       5.49856339712508763E-012
   839.00000000000000       5.26466463130975891E-012
   840.00000000000000       5.04071536774390352E-012
   841.00000000000000       4.82629238365427516E-012
   842.00000000000000       4.62099045866786564E-012
   843.00000000000000       4.42442160906561190E-012
   844.00000000000000       4.23621435460719918E-012
   845.00000000000000       4.05601301654144162E-012
   846.00000000000000       3.88347704547597337E-012
   847.00000000000000       3.71828037783600206E-012
   848.00000000000000       3.56011081969633999E-012
   849.00000000000000       3.40866945682213892E-012
   850.00000000000000       3.26367008980381879E-012
   851.00000000000000       3.12483869321861208E-012
   852.00000000000000       2.99191289779690822E-012
   853.00000000000000       2.86464149461479840E-012
   854.00000000000000       2.74278396037602800E-012
   855.00000000000000       2.62611000288627873E-012
   856.00000000000000       2.51439912586088516E-012
   857.00000000000000       2.40744021224373538E-012
   858.00000000000000       2.30503112524983376E-012
   859.00000000000000       2.20697832637790538E-012
   860.00000000000000       2.11309650967082981E-012
   861.00000000000000       2.02320825153330005E-012
   862.00000000000000       1.93714367544454744E-012
   863.00000000000000       1.85474013093281269E-012
   864.00000000000000       1.77584188620484631E-012
   865.00000000000000       1.70029983384972147E-012
   866.00000000000000       1.62797120906065316E-012
   867.00000000000000       1.55871931984264022E-012
   868.00000000000000       1.49241328869581638E-012
   869.00000000000000       1.42892780528661630E-012
   870.00000000000000       1.36814288963930607E-012
   871.00000000000000       1.30994366540034672E-012
   872.00000000000000       1.25422014274723754E-012
   873.00000000000000       1.20086701053150078E-012
   874.00000000000000       1.14978343726315486E-012
   875.00000000000000       1.10087288056044922E-012
   876.00000000000000       1.05404290470494322E-012
   877.00000000000000       1.00920500595705916E-012
   878.00000000000000       9.66274445302052980E-013
   879.00000000000000       9.25170088310306648E-013
   880.00000000000000       8.85814251809427064E-013
   881.00000000000000       8.48132557078318696E-013
   882.00000000000000       8.12053789285781386E-013
   883.00000000000000       7.77509762908185208E-013
   884.00000000000000       7.44435192871695404E-013
   885.00000000000000       7.12767571175695041E-013
   886.00000000000000       6.82447048764187216E-013
   887.00000000000000       6.53416322421985250E-013
   888.00000000000000       6.25620526481931745E-013
   889.00000000000000       5.99007129138513797E-013
   890.00000000000000       5.73525833171944255E-013
   891.00000000000000       5.49128480895118752E-013
   892.00000000000000       5.25768963143769566E-013
   893.00000000000000       5.03403132137920980E-013
   894.00000000000000       4.81988718049872509E-013
   895.00000000000000       4.61485249121162574E-013
   896.00000000000000       4.41853975177453266E-013
   897.00000000000000       4.23057794396864988E-013
   898.00000000000000       4.05061183193341162E-013
   899.00000000000000       3.87830129082560865E-013
   900.00000000000000       3.71332066403514660E-013
   901.00000000000000       3.55535814774289598E-013
   902.00000000000000       3.40411520165751909E-013
   903.00000000000000       3.25930598481772487E-013
   904.00000000000000       3.12065681539390716E-013
   905.00000000000000       2.98790565346795598E-013
   906.00000000000000       2.86080160581428807E-013
   907.00000000000000       2.73910445174596356E-013
   908.00000000000000       2.62258418912983339E-013
   909.00000000000000       2.51102059971303000E-013
   910.00000000000000       2.40420283293906203E-013
   911.00000000000000       2.30192900746735339E-013
   912.00000000000000       2.20400582964289039E-013
   913.00000000000000       2.11024822819513663E-013
   914.00000000000000       2.02047900447585245E-013
   915.00000000000000       1.93452849757484976E-013
   916.00000000000000       1.85223426368082240E-013
   917.00000000000000       1.77344076908122768E-013
   918.00000000000000       1.69799909622124289E-013
   919.00000000000000       1.62576666226614072E-013
   920.00000000000000       1.55660694963525695E-013
   921.00000000000000       1.49038924799844733E-013
   922.00000000000000       1.42698840724721232E-013
   923.00000000000000       1.36628460097395513E-013
   924.00000000000000       1.30816310001212157E-013
   925.00000000000000       1.25251405560945499E-013
   926.00000000000000       1.19923229182446767E-013
   927.00000000000000       1.14821710675392634E-013
   928.00000000000000       1.09937208221559064E-013
   929.00000000000000       1.05260490152660310E-013
   930.00000000000000       1.00782717503321099E-013
   931.00000000000000       9.64954273061935098E-014
   932.00000000000000       9.23905165976748922E-014
   933.00000000000000       8.84602271039740377E-014
   934.00000000000000       8.46971305786049694E-014
   935.00000000000000       8.10941147635884925E-014
   936.00000000000000       7.76443699478318773E-014
   937.00000000000000       7.43413760972883287E-014
   938.00000000000000       7.11788905325703505E-014
   939.00000000000000       6.81509361307316327E-014
   940.00000000000000       6.52517900289192298E-014
   941.00000000000000       6.24759728085494300E-014
   942.00000000000000       5.98182381395672335E-014
   943.00000000000000       5.72735628652161732E-014
   944.00000000000000       5.48371375085841548E-014
   945.00000000000000       5.25043571829791032E-014
   946.00000000000000       5.02708128889628502E-014
   947.00000000000000       4.81322831815891838E-014
   948.00000000000000       4.60847261921033876E-014
   949.00000000000000       4.41242719890228426E-014
   950.00000000000000       4.22472152641620012E-014
   951.00000000000000       4.04500083297831049E-014
   952.00000000000000       3.87292544136321518E-014
   953.00000000000000       3.70817012391932426E-014
   954.00000000000000       3.55042348790287116E-014
   955.00000000000000       3.39938738695839236E-014
   956.00000000000000       3.25477635763423734E-014
   957.00000000000000       3.11631707986741332E-014
   958.00000000000000       2.98374786041852685E-014
   959.00000000000000       2.85681813828075820E-014
   960.00000000000000       2.73528801112767544E-014
   961.00000000000000       2.61892778190530110E-014
   962.00000000000000       2.50751752471138118E-014
   963.00000000000000       2.40084666914153585E-014
   964.00000000000000       2.29871360231658280E-014
   965.00000000000000       2.20092528783905892E-014
   966.00000000000000       2.10729690095873491E-014
   967.00000000000000       2.01765147925764135E-014
   968.00000000000000       1.93181958819446713E-014
   969.00000000000000       1.84963900087611492E-014
   970.00000000000000       1.77095439145147704E-014
   971.00000000000000       1.69561704154767405E-014
   972.00000000000000       1.62348455919411160E-014
   973.00000000000000       1.55442060970315252E-014
   974.00000000000000       1.48829465799875597E-014
   975.00000000000000       1.42498172190611520E-014
   976.00000000000000       1.36436213593599518E-014
   977.00000000000000       1.30632132511741884E-014
   978.00000000000000       1.25074958845119891E-014
   979.00000000000000       1.19754189157513571E-014
   980.00000000000000       1.14659766824891536E-014
   981.00000000000000       1.09782063028362378E-014
   982.00000000000000       1.05111858555668166E-014
   983.00000000000000       1.00640326376812947E-014
   984.00000000000000       9.63590149609099540E-015
   985.00000000000000       9.22598323027114993E-015
   986.00000000000000       8.83350306286273432E-015
   987.00000000000000       8.45771917533390495E-015
   988.00000000000000       8.09792130593231942E-015
   989.00000000000000       7.75342940727929561E-015
   990.00000000000000       7.42359236106881341E-015
   991.00000000000000       7.10778674744124452E-015
   992.00000000000000       6.80541566670744766E-015
   993.00000000000000       6.51590761119502196E-015
   994.00000000000000       6.23871538508557068E-015
   995.00000000000000       5.97331507020069164E-015
   996.00000000000000       5.71920503578286577E-015
   997.00000000000000       5.47590499039914507E-015
   998.00000000000000       5.24295507417597523E-015
   999.00000000000000       5.01991498964994992E-015
   1000.0000000000000       4.80636316959088617E-015
   1001.0000000000000       4.60189598022558190E-015
