   882.44501       0.0000000    
   882.45496       0.0000000    
   882.46497      0.14670596    
   882.47498      0.29199037    
   882.48499      0.43586862    
   882.49500      0.57835114    
   882.50500      0.71945322    
   882.51501      0.85918629    
   882.52496      0.99672383    
   882.53497       1.1337662    
   882.54498       1.2694776    
   882.55499       1.4038712    
   882.56500       1.5369570    
   882.57501       1.6687508    
   882.58496       1.7984694    
   882.59497       1.9277188    
   882.60498       2.0557084    
   882.61499       2.1824524    
   882.62500       2.3079612    
   882.63501       2.4322469    
   882.64496       2.5545735    
   882.65497       2.6764536    
   882.66498       2.7971432    
   882.67499       2.9166551    
   882.68500       3.0349991    
   882.69501       3.1521859    
   882.70496       3.2675238    
   882.71497       3.3824363    
   882.72498       3.4962242    
   882.73499       3.6088974    
   882.74500       3.7204669    
   882.75500       3.8309426    
   882.76501       3.9403355    
   882.77496       4.0479975    
   882.78497       4.1552591    
   882.79498       4.2614670    
   882.80499       4.3666320    
   882.81500       4.4707623    
   882.82501       4.5738692    
   882.83496       4.6753402    
   882.84497       4.7764325    
   882.85498       4.8765283    
   882.86499       4.9756365    
   882.87500       5.0737681    
   882.88501       5.1709304    
   882.89496       5.2665491    
   882.90497       5.3618078    
   882.91498       5.4561238    
   882.92499       5.5495076    
   882.93500       5.6419654    
   882.94501       5.7335091    
   882.95496       5.8235955    
   882.96497       5.9133372    
   882.97498       6.0021901    
   882.98499       6.0901594    
   882.99500       6.1772561    
   883.00500       6.2634869    
   883.01501       6.3488593    
   883.02496       6.4328680    
   883.03497       6.5165544    
   883.04498       6.5994062    
   883.05499       6.6814322    
   883.06500       6.7626390    
   883.07501       6.8430362    
   883.08496       6.9221454    
   883.09497       7.0009475    
   883.10498       7.0789599    
   883.11499       7.1561923    
   883.12500       7.2326508    
   883.13501       7.3083425    
   883.14496       7.3828192    
   883.15497       7.4570031    
   883.16498       7.5304422    
   883.17499       7.6031418    
   883.18500       7.6751099    
   883.19501       7.7463536    
   883.20496       7.8164506    
   883.21497       7.8862696    
   883.22498       7.9553823    
   883.23499       8.0237970    
   883.24500       8.0915194    
   883.25500       8.1585588    
   883.26501       8.2249184    
   883.27496       8.2902060    
   883.28497       8.3552303    
   883.29498       8.4195948    
   883.30499       8.4833050    
   883.31500       8.5463667    
   883.32501       8.6087875    
   883.33496       8.6701975    
   883.34497       8.7313566    
   883.35498       8.7918911    
   883.36499       8.8518057    
   883.37500       8.9111109    
   883.38501       8.9698076    
   883.39496       9.0275507    
   883.40497       9.0850544    
   883.41498       9.1419687    
   883.42499       9.1982985    
   883.43500       9.2540483    
   883.44501       9.3092251    
   883.45496       9.3635015    
   883.46497       9.4175501    
   883.47498       9.4710426    
   883.48499       9.5239792    
   883.49500       9.5763712    
   883.50500       9.6282196    
   883.51501       9.6795301    
   883.52496       9.7300024    
   883.53497       9.7802572    
   883.54498       9.8299904    
   883.55499       9.8792048    
   883.56500       9.9279070    
   883.57501       9.9761028    
   883.58496       10.023505    
   883.59497       10.070701    
   883.60498       10.117403    
   883.61499       10.163617    
   883.62500       10.209344    
   883.63501       10.254593    
   883.64496       10.299093    
   883.65497       10.343397    
   883.66498       10.387234    
   883.67499       10.430609    
   883.68500       10.473525    
   883.69501       10.515988    
   883.70496       10.557747    
   883.71497       10.599318    
   883.72498       10.640446    
   883.73499       10.681138    
   883.74500       10.721396    
   883.75500       10.761226    
   883.76501       10.800631    
   883.77496       10.839377    
   883.78497       10.877946    
   883.79498       10.916102    
   883.80499       10.953848    
   883.81500       10.991188    
   883.82501       11.028127    
   883.83496       11.064446    
   883.84497       11.100594    
   883.85498       11.136353    
   883.86499       11.171724    
   883.87500       11.206712    
   883.88501       11.241319    
   883.89496       11.275343    
   883.90497       11.309204    
   883.91498       11.342695    
   883.92499       11.375822    
   883.93500       11.408585    
   883.94501       11.440989    
   883.95496       11.472845    
   883.96497       11.504542    
   883.97498       11.535892    
   883.98499       11.566896    
   883.99500       11.597557    
   884.00500       11.627877    
   884.01501       11.657864    
   884.02496       11.687337    
   884.03497       11.716660    
   884.04498       11.745659    
   884.05499       11.774332    
   884.06500       11.802685    
   884.07501       11.830720    
   884.08496       11.858272    
   884.09497       11.885683    
   884.10498       11.912785    
   884.11499       11.939578    
   884.12500       11.966071    
   884.13501       11.992262    
   884.14496       12.018001    
   884.15497       12.043600    
   884.16498       12.068911    
   884.17499       12.093930    
   884.18500       12.118664    
   884.19501       12.143113    
   884.20496       12.167134    
   884.21497       12.191026    
   884.22498       12.214642    
   884.23499       12.237984    
   884.24500       12.261054    
   884.25500       12.283856    
   884.26501       12.306394    
   884.27496       12.328531    
   884.28497       12.350546    
   884.29498       12.372301    
   884.30499       12.393801    
   884.31500       12.415047    
   884.32501       12.436041    
   884.33496       12.456662    
   884.34497       12.477163    
   884.35498       12.497418    
   884.36499       12.517434    
   884.37500       12.537210    
   884.38501       12.556746    
   884.39496       12.575931    
   884.40497       12.595002    
   884.41498       12.613842    
   884.42499       12.632454    
   884.43500       12.650838    
   884.44501       12.668998    
   884.45496       12.686827    
   884.46497       12.704547    
   884.47498       12.722048    
   884.48499       12.739331    
   884.49500       12.756403    
   884.50500       12.773262    
   884.51501       12.789911    
   884.52496       12.806251    
   884.53497       12.822487    
   884.54498       12.838518    
   884.55499       12.854348    
   884.56500       12.869975    
   884.57501       12.885406    
   884.58496       12.900547    
   884.59497       12.915587    
   884.60498       12.930434    
   884.61499       12.945090    
   884.62500       12.959557    
   884.63501       12.973834    
   884.64496       12.987844    
   884.65497       13.001752    
   884.66498       13.015479    
   884.67499       13.029026    
   884.68500       13.042395    
   884.69501       13.055586    
   884.70496       13.068521    
   884.71497       13.081363    
   884.72498       13.094032    
   884.73499       13.106532    
   884.74500       13.118862    
   884.75500       13.131024    
   884.76501       13.143022    
   884.77496       13.154781    
   884.78497       13.166451    
   884.79498       13.177960    
   884.80499       13.189310    
   884.81500       13.200500    
   884.82501       13.211535    
   884.83496       13.222349    
   884.84497       13.233073    
   884.85498       13.243649    
   884.86499       13.254070    
   884.87500       13.264343    
   884.88501       13.274468    
   884.89496       13.284387    
   884.90497       13.294220    
   884.91498       13.303910    
   884.92499       13.313457    
   884.93500       13.322864    
   884.94501       13.332129    
   884.95496       13.341201    
   884.96497       13.350191    
   884.97498       13.359047    
   884.98499       13.367765    
   884.99500       13.376354    
   885.00500       13.384808    
   885.01501       13.393131    
   885.02496       13.401275    
   885.03497       13.409341    
   885.04498       13.417279    
   885.05499       13.425092    
   885.06500       13.432780    
   885.07501       13.440344    
   885.08496       13.447739    
   885.09497       13.455062    
   885.10498       13.462260    
   885.11499       13.469343    
   885.12500       13.476306    
   885.13501       13.483151    
   885.14496       13.489842    
   885.15497       13.496459    
   885.16498       13.502963    
   885.17499       13.509354    
   885.18500       13.515632    
   885.19501       13.521801    
   885.20496       13.527823    
   885.21497       13.533776    
   885.22498       13.539620    
   885.23499       13.545359    
   885.24500       13.550992    
   885.25500       13.556520    
   885.26501       13.561946    
   885.27496       13.567237    
   885.28497       13.572459    
   885.29498       13.577581    
   885.30499       13.582604    
   885.31500       13.587528    
   885.32501       13.592355    
   885.33496       13.597057    
   885.34497       13.601691    
   885.35498       13.606232    
   885.36499       13.610678    
   885.37500       13.615032    
   885.38501       13.619292    
   885.39496       13.623437    
   885.40497       13.627518    
   885.41498       13.631508    
   885.42499       13.635411    
   885.43500       13.639224    
   885.44501       13.642952    
   885.45496       13.646571    
   885.46497       13.650126    
   885.47498       13.653598    
   885.48499       13.656986    
   885.49500       13.660292    
   885.50500       13.663515    
   885.51501       13.666656    
   885.52496       13.669699    
   885.53497       13.672680    
   885.54498       13.675584    
   885.55499       13.678407    
   885.56500       13.681154    
   885.57501       13.683825    
   885.58496       13.686402    
   885.59497       13.688921    
   885.60498       13.691366    
   885.61499       13.693736    
   885.62500       13.696033    
   885.63501       13.698259    
   885.64496       13.700398    
   885.65497       13.702481    
   885.66498       13.704494    
   885.67499       13.706435    
   885.68500       13.708307    
   885.69501       13.710113    
   885.70496       13.711839    
   885.71497       13.713508    
   885.72498       13.715113    
   885.73499       13.716650    
   885.74500       13.718122    
   885.75500       13.719531    
   885.76501       13.720875    
   885.77496       13.722146    
   885.78497       13.723365    
   885.79498       13.724522    
   885.80499       13.725616    
   885.81500       13.726649    
   885.82501       13.727623    
   885.83496       13.728530    
   885.84497       13.729384    
   885.85498       13.730180    
   885.86499       13.730918    
   885.87500       13.731598    
   885.88501       13.732221    
   885.89496       13.732784    
   885.90497       13.733295    
   885.91498       13.733750    
   885.92499       13.734153    
   885.93500       13.734499    
   885.94501       13.734793    
   885.95496       13.735031    
   885.96497       13.735218    
   885.97498       13.735353    
   885.98499       13.735435    
   885.99500       13.735468    
   886.00500       13.735451    
   886.01501       13.735381    
   886.02496       13.735264    
   886.03497       13.735095    
   886.04498       13.734879    
   886.05499       13.734615    
   886.06500       13.734302    
   886.07501       13.733942    
   886.08496       13.733538    
   886.09497       13.733086    
   886.10498       13.732586    
   886.11499       13.732042    
   886.12500       13.731452    
   886.13501       13.730818    
   886.14496       13.730144    
   886.15497       13.729422    
   886.16498       13.728655    
   886.17499       13.727847    
   886.18500       13.726995    
   886.19501       13.726103    
   886.20496       13.725174    
   886.21497       13.724198    
   886.22498       13.723181    
   886.23499       13.722123    
   886.24500       13.721025    
   886.25500       13.719889    
   886.26501       13.718713    
   886.27496       13.717504    
   886.28497       13.716249    
   886.29498       13.714957    
   886.30499       13.713627    
   886.31500       13.712259    
   886.32501       13.710855    
   886.33496       13.709423    
   886.34497       13.707945    
   886.35498       13.706432    
   886.36499       13.704883    
   886.37500       13.703299    
   886.38501       13.701679    
   886.39496       13.700036    
   886.40497       13.698347    
   886.41498       13.696626    
   886.42499       13.694871    
   886.43500       13.693080    
   886.44501       13.691260    
   886.45496       13.689417    
   886.46497       13.687529    
   886.47498       13.685612    
   886.48499       13.683661    
   886.49500       13.681681    
   886.50500       13.679667    
   886.51501       13.677624    
   886.52496       13.675564    
   886.53497       13.673461    
   886.54498       13.671328    
   886.55499       13.669164    
   886.56500       13.666972    
   886.57501       13.664751    
   886.58496       13.662515    
   886.59497       13.660236    
   886.60498       13.657931    
   886.61499       13.655598    
   886.62500       13.653235    
   886.63501       13.650847    
   886.64496       13.648447    
   886.65497       13.646006    
   886.66498       13.643538    
   886.67499       13.641042    
   886.68500       13.638520    
   886.69501       13.635975    
   886.70496       13.633420    
   886.71497       13.630822    
   886.72498       13.628201    
   886.73499       13.625555    
   886.74500       13.622885    
   886.75500       13.620190    
   886.76501       13.617471    
   886.77496       13.614745    
   886.78497       13.611979    
   886.79498       13.609191    
   886.80499       13.606379    
   886.81500       13.603545    
   886.82501       13.600687    
   886.83496       13.597827    
   886.84497       13.594926    
   886.85498       13.592003    
   886.86499       13.589058    
   886.87500       13.586093    
   886.88501       13.583105    
   886.89496       13.580116    
   886.90497       13.577088    
   886.91498       13.574038    
   886.92499       13.570970    
   886.93500       13.567881    
   886.94501       13.564771    
   886.95496       13.561661    
   886.96497       13.558513    
   886.97498       13.555345    
   886.98499       13.552158    
   886.99500       13.548952    
   887.00500       13.545728    
   887.01501       13.542485    
   887.02496       13.539245    
   887.03497       13.535966    
   887.04498       13.532667    
   887.05499       13.529353    
   887.06500       13.526021    
   887.07501       13.522672    
   887.08496       13.519325    
   887.09497       13.515942    
   887.10498       13.512542    
   887.11499       13.509125    
   887.12500       13.505691    
   887.13501       13.502239    
   887.14496       13.498794    
   887.15497       13.495312    
   887.16498       13.491814    
   887.17499       13.488299    
   887.18500       13.484771    
   887.19501       13.481226    
   887.20496       13.477689    
   887.21497       13.474113    
   887.22498       13.470525    
   887.23499       13.466921    
   887.24500       13.463303    
   887.25500       13.459668    
   887.26501       13.456021    
   887.27496       13.452381    
   887.28497       13.448707    
   887.29498       13.445018    
   887.30499       13.441316    
   887.31500       13.437598    
   887.32501       13.433869    
   887.33496       13.430150    
   887.34497       13.426394    
   887.35498       13.422626    
   887.36499       13.418844    
   887.37500       13.415051    
   887.38501       13.411244    
   887.39496       13.407449    
   887.40497       13.403617    
   887.41498       13.399775    
   887.42499       13.395919    
   887.43500       13.392052    
   887.44501       13.388174    
   887.45496       13.384308    
   887.46497       13.380406    
   887.47498       13.376493    
   887.48499       13.372569    
   887.49500       13.368632    
   887.50500       13.364686    
   887.51501       13.360729    
   887.52496       13.356787    
   887.53497       13.352808    
   887.54498       13.348820    
   887.55499       13.344820    
   887.56500       13.340810    
   887.57501       13.336790    
   887.58496       13.332787    
   887.59497       13.328745    
   887.60498       13.324697    
   887.61499       13.320638    
   887.62500       13.316569    
   887.63501       13.312490    
   887.64496       13.308428    
   887.65497       13.304331    
   887.66498       13.300225    
   887.67499       13.296111    
   887.68500       13.291986    
   887.69501       13.287854    
   887.70496       13.283736    
   887.71497       13.279587    
   887.72498       13.275430    
   887.73499       13.271262    
   887.74500       13.267085    
   887.75500       13.262902    
   887.76501       13.258711    
   887.77496       13.254536    
   887.78497       13.250327    
   887.79498       13.246112    
   887.80499       13.241888    
   887.81500       13.237656    
   887.82501       13.233417    
   887.83496       13.229197    
   887.84497       13.224942    
   887.85498       13.220682    
   887.86499       13.216413    
   887.87500       13.212137    
   887.88501       13.207854    
   887.89496       13.203590    
   887.90497       13.199293    
   887.91498       13.194990    
   887.92499       13.190681    
   887.93500       13.186363    
   887.94501       13.182039    
   887.95496       13.177735    
   887.96497       13.173398    
   887.97498       13.169056    
   887.98499       13.164706    
   887.99500       13.160352    
   888.00500       13.155991    
   888.01501       13.151622    
   888.02496       13.147274    
   888.03497       13.142894    
   888.04498       13.138509    
   888.05499       13.134118    
   888.06500       13.129720    
   888.07501       13.125319    
   888.08496       13.120938    
   888.09497       13.116524    
   888.10498       13.112105    
   888.11499       13.107682    
   888.12500       13.103252    
   888.13501       13.098818    
   888.14496       13.094405    
   888.15497       13.089959    
   888.16498       13.085509    
   888.17499       13.081054    
   888.18500       13.076595    
   888.19501       13.072131    
   888.20496       13.067690    
   888.21497       13.063214    
   888.22498       13.058736    
   888.23499       13.054253    
   888.24500       13.049765    
   888.25500       13.045273    
   888.26501       13.040775    
   888.27496       13.036304    
   888.28497       13.031798    
   888.29498       13.027289    
   888.30499       13.022775    
   888.31500       13.018257    
   888.32501       13.013736    
   888.33496       13.009237    
   888.34497       13.004708    
   888.35498       13.000175    
   888.36499       12.995638    
   888.37500       12.991096    
   888.38501       12.986551    
   888.39496       12.982031    
   888.40497       12.977480    
   888.41498       12.972923    
   888.42499       12.968365    
   888.43500       12.963802    
   888.44501       12.959236    
   888.45496       12.954695    
   888.46497       12.950121    
   888.47498       12.945546    
   888.48499       12.940967    
   888.49500       12.936384    
   888.50500       12.931801    
   888.51501       12.927210    
   888.52496       12.922647    
   888.53497       12.918054    
   888.54498       12.913457    
   888.55499       12.908855    
   888.56500       12.904253    
   888.57501       12.899647    
   888.58496       12.895066    
   888.59497       12.890455    
   888.60498       12.885840    
   888.61499       12.881224    
   888.62500       12.876604    
   888.63501       12.871983    
   888.64496       12.867386    
   888.65497       12.862761    
   888.66498       12.858130    
   888.67499       12.853500    
   888.68500       12.848866    
   888.69501       12.844230    
   888.70496       12.839620    
   888.71497       12.834978    
   888.72498       12.830337    
   888.73499       12.825691    
   888.74500       12.821044    
   888.75500       12.816396    
   888.76501       12.811744    
   888.77496       12.807119    
   888.78497       12.802464    
   888.79498       12.797808    
   888.80499       12.793149    
   888.81500       12.788487    
   888.82501       12.783825    
   888.83496       12.779188    
   888.84497       12.774524    
   888.85498       12.769855    
   888.86499       12.765186    
   888.87500       12.760515    
   888.88501       12.755841    
   888.89496       12.751196    
   888.90497       12.746521    
   888.91498       12.741843    
   888.92499       12.737164    
   888.93500       12.732485    
   888.94501       12.727802    
   888.95496       12.723148    
   888.96497       12.718463    
   888.97498       12.713778    
   888.98499       12.709091    
   888.99500       12.704402    
   889.00500       12.699713    
   889.01501       12.695022    
   889.02496       12.690359    
   889.03497       12.685666    
   889.04498       12.680970    
   889.05499       12.676276    
   889.06500       12.671578    
   889.07501       12.666882    
   889.08496       12.662211    
   889.09497       12.657513    
   889.10498       12.652811    
   889.11499       12.648109    
   889.12500       12.643409    
   889.13501       12.638705    
   889.14496       12.634030    
   889.15497       12.629326    
   889.16498       12.624619    
   889.17499       12.619913    
   889.18500       12.615206    
   889.19501       12.610498    
   889.20496       12.605818    
   889.21497       12.601109    
   889.22498       12.596399    
   889.23499       12.591687    
   889.24500       12.586977    
   889.25500       12.582265    
   889.26501       12.577552    
   889.27496       12.572869    
   889.28497       12.568155    
   889.29498       12.563441    
   889.30499       12.558726    
   889.31500       12.554011    
   889.32501       12.549295    
   889.33496       12.544609    
   889.34497       12.539892    
   889.35498       12.535176    
   889.36499       12.530460    
   889.37500       12.525743    
   889.38501       12.521026    
   889.39496       12.516336    
   889.40497       12.511619    
   889.41498       12.506900    
   889.42499       12.502182    
   889.43500       12.497463    
   889.44501       12.492743    
   889.45496       12.488054    
   889.46497       12.483335    
   889.47498       12.478616    
   889.48499       12.473897    
   889.49500       12.469178    
   889.50500       12.464458    
   889.51501       12.459738    
   889.52496       12.455047    
   889.53497       12.450329    
   889.54498       12.445608    
   889.55499       12.440888    
   889.56500       12.436168    
   889.57501       12.431448    
   889.58496       12.426758    
   889.59497       12.422038    
   889.60498       12.417318    
   889.61499       12.412600    
   889.62500       12.407881    
   889.63501       12.403161    
   889.64496       12.398471    
   889.65497       12.393752    
   889.66498       12.389034    
   889.67499       12.384315    
   889.68500       12.379599    
   889.69501       12.374880    
   889.70496       12.370192    
   889.71497       12.365475    
   889.72498       12.360759    
   889.73499       12.356041    
   889.74500       12.351324    
   889.75500       12.346609    
   889.76501       12.341892    
   889.77496       12.337208    
   889.78497       12.332492    
   889.79498       12.327778    
   889.80499       12.323062    
   889.81500       12.318349    
   889.82501       12.313634    
   889.83496       12.308951    
   889.84497       12.304238    
   889.85498       12.299526    
   889.86499       12.294814    
   889.87500       12.290104    
   889.88501       12.285394    
   889.89496       12.280712    
   889.90497       12.276003    
   889.91498       12.271294    
   889.92499       12.266585    
   889.93500       12.261878    
   889.94501       12.257171    
   889.95496       12.252493    
   889.96497       12.247787    
   889.97498       12.243080    
   889.98499       12.238375    
   889.99500       12.233671    
   890.00500       12.228968    
   890.01501       12.224265    
   890.02496       12.219591    
   890.03497       12.214890    
   890.04498       12.210188    
   890.05499       12.205489    
   890.06500       12.200788    
   890.07501       12.196090    
   890.08496       12.191421    
   890.09497       12.186723    
   890.10498       12.182026    
   890.11499       12.177329    
   890.12500       12.172635    
   890.13501       12.167942    
   890.14496       12.163276    
   890.15497       12.158583    
   890.16498       12.153893    
   890.17499       12.149199    
   890.18500       12.144508    
   890.19501       12.139820    
   890.20496       12.135159    
   890.21497       12.130472    
   890.22498       12.125786    
   890.23499       12.121099    
   890.24500       12.116413    
   890.25500       12.111731    
   890.26501       12.107046    
   890.27496       12.102393    
   890.28497       12.097711    
   890.29498       12.093030    
   890.30499       12.088349    
   890.31500       12.083672    
   890.32501       12.078994    
   890.33496       12.074347    
   890.34497       12.069669    
   890.35498       12.064994    
   890.36499       12.060321    
   890.37500       12.055647    
   890.38501       12.050975    
   890.39496       12.046333    
   890.40497       12.041661    
   890.41498       12.036993    
   890.42499       12.032325    
   890.43500       12.027659    
   890.44501       12.022993    
   890.45496       12.018357    
   890.46497       12.013693    
   890.47498       12.009030    
   890.48499       12.004369    
   890.49500       11.999707    
   890.50500       11.995048    
   890.51501       11.990390    
   890.52496       11.985761    
   890.53497       11.981104    
   890.54498       11.976448    
   890.55499       11.971794    
   890.56500       11.967142    
   890.57501       11.962490    
   890.58496       11.957868    
   890.59497       11.953218    
   890.60498       11.948569    
   890.61499       11.943922    
   890.62500       11.939276    
   890.63501       11.934631    
   890.64496       11.930016    
   890.65497       11.925373    
   890.66498       11.920731    
   890.67499       11.916091    
   890.68500       11.911451    
   890.69501       11.906814    
   890.70496       11.902205    
   890.71497       11.897570    
   890.72498       11.892936    
   890.73499       11.888303    
   890.74500       11.883671    
   890.75500       11.879041    
   890.76501       11.874411    
   890.77496       11.869811    
   890.78497       11.865183    
   890.79498       11.860559    
   890.80499       11.855932    
   890.81500       11.851310    
   890.82501       11.846688    
   890.83496       11.842095    
   890.84497       11.837477    
   890.85498       11.832858    
   890.86499       11.828241    
   890.87500       11.823627    
   890.88501       11.819011    
   890.89496       11.814425    
   890.90497       11.809814    
   890.91498       11.805203    
   890.92499       11.800595    
   890.93500       11.795988    
   890.94501       11.791382    
   890.95496       11.786803    
   890.96497       11.782199    
   890.97498       11.777597    
   890.98499       11.772996    
   890.99500       11.768395    
   891.00500       11.763797    
   891.01501       11.759200    
   891.02496       11.754633    
   891.03497       11.750037    
   891.04498       11.745444    
   891.05499       11.740852    
   891.06500       11.736263    
   891.07501       11.731673    
   891.08496       11.727114    
   891.09497       11.722528    
   891.10498       11.717943    
   891.11499       11.713359    
   891.12500       11.708777    
   891.13501       11.704195    
   891.14496       11.699645    
   891.15497       11.695066    
   891.16498       11.690489    
   891.17499       11.685914    
   891.18500       11.681340    
   891.19501       11.676768    
   891.20496       11.672225    
   891.21497       11.667656    
   891.22498       11.663087    
   891.23499       11.658521    
   891.24500       11.653955    
   891.25500       11.649392    
   891.26501       11.644829    
   891.27496       11.640296    
   891.28497       11.635736    
   891.29498       11.631178    
   891.30499       11.626619    
   891.31500       11.622066    
   891.32501       11.617511    
   891.33496       11.612987    
   891.34497       11.608437    
   891.35498       11.603886    
   891.36499       11.599337    
   891.37500       11.594790    
   891.38501       11.590245    
   891.39496       11.585730    
   891.40497       11.581187    
   891.41498       11.576648    
   891.42499       11.572108    
   891.43500       11.567569    
   891.44501       11.563034    
   891.45496       11.558525    
   891.46497       11.553993    
   891.47498       11.549460    
   891.48499       11.544930    
   891.49500       11.540401    
   891.50500       11.535874    
   891.51501       11.531348    
   891.52496       11.526850    
   891.53497       11.522328    
   891.54498       11.517806    
   891.55499       11.513287    
   891.56500       11.508768    
   891.57501       11.504251    
   891.58496       11.499763    
   891.59497       11.495249    
   891.60498       11.490736    
   891.61499       11.486225    
   891.62500       11.481715    
   891.63501       11.477207    
   891.64496       11.472730    
   891.65497       11.468223    
   891.66498       11.463719    
   891.67499       11.459218    
   891.68500       11.454719    
   891.69501       11.450220    
   891.70496       11.445749    
   891.71497       11.441252    
   891.72498       11.436759    
   891.73499       11.432266    
   891.74500       11.427774    
   891.75500       11.423286    
   891.76501       11.418797    
   891.77496       11.414337    
   891.78497       11.409853    
   891.79498       11.405369    
   891.80499       11.400887    
   891.81500       11.396407    
   891.82501       11.391928    
   891.83496       11.387478    
   891.84497       11.383002    
   891.85498       11.378528    
   891.86499       11.374056    
   891.87500       11.369584    
   891.88501       11.365114    
   891.89496       11.360674    
   891.90497       11.356207    
   891.91498       11.351743    
   891.92499       11.347279    
   891.93500       11.342816    
   891.94501       11.338357    
   891.95496       11.333926    
   891.96497       11.329469    
   891.97498       11.325012    
   891.98499       11.320560    
   891.99500       11.316107    
   892.00500       11.311656    
   892.01501       11.307206    
   892.02496       11.302786    
   892.03497       11.298339    
   892.04498       11.293895    
   892.05499       11.289453    
   892.06500       11.285010    
   892.07501       11.280571    
   892.08496       11.276160    
   892.09497       11.271724    
   892.10498       11.267287    
   892.11499       11.262855    
   892.12500       11.258423    
   892.13501       11.253993    
   892.14496       11.249591    
   892.15497       11.245165    
   892.16498       11.240738    
   892.17499       11.236314    
   892.18500       11.231892    
   892.19501       11.227470    
   892.20496       11.223078    
   892.21497       11.218660    
   892.22498       11.214245    
   892.23499       11.209830    
   892.24500       11.205419    
   892.25500       11.201007    
   892.26501       11.196596    
   892.27496       11.192215    
   892.28497       11.187809    
   892.29498       11.183404    
   892.30499       11.179002    
   892.31500       11.174599    
   892.32501       11.170198    
   892.33496       11.165827    
   892.34497       11.161431    
   892.35498       11.157036    
   892.36499       11.152640    
   892.37500       11.148249    
   892.38501       11.143859    
   892.39496       11.139497    
   892.40497       11.135110    
   892.41498       11.130723    
   892.42499       11.126340    
   892.43500       11.121956    
   892.44501       11.117575    
   892.45496       11.113223    
