   70.050003       0.0000000               1
   70.150002       0.0000000               1
   70.250000       0.0000000               1
   70.350006       0.0000000               1
   70.450005       0.0000000               1
   70.550003       0.0000000               1
   70.650002       0.0000000               1
   70.750000       0.0000000               1
   70.850006       0.0000000               1
   70.950005       0.0000000               1
   71.050003       0.0000000               1
   71.150002       0.0000000               1
   71.250000       0.0000000               1
   71.350006       0.0000000               1
   71.450005       0.0000000               1
   71.550003       0.0000000               1
   71.650002       0.0000000               1
   71.750000       0.0000000               1
   71.850006       0.0000000               1
   71.950005       0.0000000               1
   72.050003       0.0000000               1
   72.150002       0.0000000               1
   72.250000       0.0000000               1
   72.350006       0.0000000               1
   72.450005       0.0000000               1
   72.550003       0.0000000               1
   72.650002       0.0000000               1
   72.750000       0.0000000               1
   72.850006       0.0000000               1
   72.950005       0.0000000               1
   73.050003       0.0000000               1
   73.150002       0.0000000               1
   73.250000       0.0000000               1
   73.350006       0.0000000               1
   73.450005       0.0000000               1
   73.550003       0.0000000               1
   73.650002       0.0000000               1
   73.750000       0.0000000               1
   73.850006       0.0000000               1
   73.950005       0.0000000               1
   74.050003       0.0000000               1
   74.150002       0.0000000               1
   74.250000       0.0000000               1
   74.350006       0.0000000               1
   74.450005       0.0000000               1
   74.550003       0.0000000               1
   74.650002       0.0000000               1
   74.750000       0.0000000               1
   74.850006       0.0000000               1
   74.950005       0.0000000               1
   75.050003       0.0000000               1
   75.150002       0.0000000               1
   75.250000       0.0000000               1
   75.350006       0.0000000               1
   75.450005       0.0000000               1
   75.550003       0.0000000               1
   75.650002       0.0000000               1
   75.750000       0.0000000               1
   75.850006       0.0000000               1
   75.950005       0.0000000               1
   76.050003       0.0000000               1
   76.150002       0.0000000               1
   76.250000       0.0000000               1
   76.350006       0.0000000               1
   76.450005       0.0000000               1
   76.550003       0.0000000               1
   76.650002       0.0000000               1
   76.750000       0.0000000               1
   76.850006       0.0000000               1
   76.950005       0.0000000               1
   77.050003       0.0000000               1
   77.150002       0.0000000               1
   77.250000       0.0000000               1
   77.350006       0.0000000               1
   77.450005       0.0000000               1
   77.550003       0.0000000               1
   77.650002       0.0000000               1
   77.750000       0.0000000               1
   77.850006       0.0000000               1
   77.950005       0.0000000               1
   78.050003       0.0000000               1
   78.150002       0.0000000               1
   78.250000       0.0000000               1
   78.350006       0.0000000               1
   78.450005       0.0000000               1
   78.550003       0.0000000               1
   78.650002       0.0000000               1
   78.750000       0.0000000               1
   78.850006       0.0000000               1
   78.950005       0.0000000               1
   79.050003       0.0000000               1
   79.150002       0.0000000               1
   79.250000       0.0000000               1
   79.350006       0.0000000               1
   79.450005       0.0000000               1
   79.550003       0.0000000               1
   79.650002       0.0000000               1
   79.750000       0.0000000               1
   79.850006       0.0000000               1
   79.950005       0.0000000               1
   80.050003       0.0000000               1
   80.150002       0.0000000               1
   80.250000       0.0000000               1
   80.350006       0.0000000               1
   80.450005       0.0000000               1
   80.550003       0.0000000               1
   80.650002       0.0000000               1
   80.750000       0.0000000               1
   80.850006       0.0000000               1
   80.950005       0.0000000               1
   81.050003       0.0000000               1
   81.150002       0.0000000               1
   81.250000       0.0000000               1
   81.350006       0.0000000               1
   81.450005       0.0000000               1
   81.550003       0.0000000               1
   81.650002       0.0000000               1
   81.750000       0.0000000               1
   81.850006       0.0000000               1
   81.950005       0.0000000               1
   82.050003       0.0000000               1
   82.150002       0.0000000               1
   82.250000       0.0000000               1
   82.350006       0.0000000               1
   82.450005       0.0000000               1
   82.550003       0.0000000               1
   82.650002       0.0000000               1
   82.750000       0.0000000               1
   82.850006       0.0000000               1
   82.950005       0.0000000               1
   83.050003       0.0000000               1
   83.150002       0.0000000               1
   83.250000       0.0000000               1
   83.350006       0.0000000               1
   83.450005       0.0000000               1
   83.550003       0.0000000               1
   83.650002       0.0000000               1
   83.750000       0.0000000               1
   83.850006       0.0000000               1
   83.950005       0.0000000               1
   84.050003       0.0000000               1
   84.150002       0.0000000               1
   84.250000       0.0000000               1
   84.350006       0.0000000               1
   84.450005       0.0000000               1
   84.550003       0.0000000               1
   84.650002       0.0000000               1
   84.750000       0.0000000               1
   84.850006       0.0000000               1
   84.950005       0.0000000               1
   85.050003       0.0000000               1
   85.150002       0.0000000               1
   85.250000       0.0000000               1
   85.350006       0.0000000               1
   85.450005       0.0000000               1
   85.550003       0.0000000               1
   85.650002       0.0000000               1
   85.750000       0.0000000               1
   85.850006       0.0000000               1
   85.950005       0.0000000               1
   86.050003       0.0000000               1
   86.150002       0.0000000               1
   86.250000       0.0000000               1
   86.350006       0.0000000               1
   86.450005       0.0000000               1
   86.550003       0.0000000               1
   86.650002       0.0000000               1
   86.750000       0.0000000               1
   86.850006       0.0000000               1
   86.950005       0.0000000               1
   87.050003       0.0000000               1
   87.150002       0.0000000               1
   87.250000       0.0000000               1
   87.350006       0.0000000               1
   87.450005       0.0000000               1
   87.550003       0.0000000               1
   87.650002       0.0000000               1
   87.750000       0.0000000               1
   87.850006       0.0000000               1
   87.950005       0.0000000               1
   88.050003       0.0000000               1
   88.150002       0.0000000               1
   88.250000       0.0000000               1
   88.350006       0.0000000               1
   88.450005       0.0000000               1
   88.550003       0.0000000               1
   88.650002       0.0000000               1
   88.750000       0.0000000               1
   88.850006       0.0000000               1
   88.950005       0.0000000               1
   89.050003       0.0000000               1
   89.150002       0.0000000               1
   89.250000       0.0000000               1
   89.350006       0.0000000               1
   89.450005       0.0000000               1
   89.550003       0.0000000               1
   89.650002       0.0000000               1
   89.750000       0.0000000               1
   89.850006       0.0000000               1
   89.950005       0.0000000               1
   90.050003       0.0000000               1
   90.150002       0.0000000               1
   90.250000       0.0000000               1
   90.350006       0.0000000               1
   90.450005       0.0000000               1
   90.550003       0.0000000               1
   90.650002       0.0000000               1
   90.750000       0.0000000               1
   90.850006       0.0000000               1
   90.950005       0.0000000               1
   91.050003       0.0000000               1
   91.150002       0.0000000               1
   91.250000       0.0000000               1
   91.350006       0.0000000               1
   91.450005       0.0000000               1
   91.550003       0.0000000               1
   91.650002       0.0000000               1
   91.750000       0.0000000               1
   91.850006       0.0000000               1
   91.950005       0.0000000               1
   92.050003       0.0000000               1
   92.150002       0.0000000               1
   92.250000       0.0000000               1
   92.350006       0.0000000               1
   92.450005       0.0000000               1
   92.550003       0.0000000               1
   92.650002       0.0000000               1
   92.750000       0.0000000               1
   92.850006       0.0000000               1
   92.950005       0.0000000               1
   93.050003       0.0000000               1
   93.150002       0.0000000               1
   93.250000       0.0000000               1
   93.350006       0.0000000               1
   93.450005       0.0000000               1
   93.550003       0.0000000               1
   93.650002       0.0000000               1
   93.750000       0.0000000               1
   93.850006       0.0000000               1
   93.950005       0.0000000               1
   94.050003       0.0000000               1
   94.150002       0.0000000               1
   94.250000       0.0000000               1
   94.350006       0.0000000               1
   94.450005       0.0000000               1
   94.550003       0.0000000               1
   94.650002       0.0000000               1
   94.750000       0.0000000               1
   94.850006       0.0000000               1
   94.950005       0.0000000               1
   95.050003       0.0000000               1
   95.150002       0.0000000               1
   95.250000       0.0000000               1
   95.350006       0.0000000               1
   95.450005       0.0000000               1
   95.550003       0.0000000               1
   95.650002       0.0000000               1
   95.750000       0.0000000               1
   95.850006       0.0000000               1
   95.950005       0.0000000               1
   96.050003       0.0000000               1
   96.150002       0.0000000               1
   96.250000       0.0000000               1
   96.350006       0.0000000               1
   96.450005       0.0000000               1
   96.550003       0.0000000               1
   96.650002       0.0000000               1
   96.750000       0.0000000               1
   96.850006       0.0000000               1
   96.950005       0.0000000               1
   97.050003       0.0000000               1
   97.150002       0.0000000               1
   97.250000       0.0000000               1
   97.350006       0.0000000               1
   97.450005       0.0000000               1
   97.550003       0.0000000               1
   97.650002       0.0000000               1
   97.750000       0.0000000               1
   97.850006       0.0000000               1
   97.950005       0.0000000               1
   98.050003       0.0000000               1
   98.150002       0.0000000               1
   98.250000       0.0000000               1
   98.350006       0.0000000               1
   98.450005       0.0000000               1
   98.550003       0.0000000               1
   98.650002       0.0000000               1
   98.750000       0.0000000               1
   98.850006       0.0000000               1
   98.950005       0.0000000               1
   99.050003       0.0000000               1
   99.150002       0.0000000               1
   99.250000       0.0000000               1
   99.350006       0.0000000               1
   99.450005       0.0000000               1
   99.550003       0.0000000               1
   99.650002       0.0000000               1
   99.750000       0.0000000               1
   99.850006       0.0000000               1
   99.950005       0.0000000               1
   100.05000       0.0000000               1
   100.15000       0.0000000               1
   100.25000       0.0000000               1
   100.35001       0.0000000               1
   100.45000       0.0000000               1
   100.55000       0.0000000               1
   100.65000       0.0000000               1
   100.75000       0.0000000               1
   100.85001       0.0000000               1
   100.95000       0.0000000               1
   101.05000       0.0000000               1
   101.15000       0.0000000               1
   101.25000       0.0000000               1
   101.35001       0.0000000               1
   101.45000       0.0000000               1
   101.55000       0.0000000               1
   101.65000       0.0000000               1
   101.75000       0.0000000               1
   101.85001       0.0000000               1
   101.95000       0.0000000               1
   102.05000       0.0000000               1
   102.15001       0.0000000               1
   102.25000       0.0000000               1
   102.35001       0.0000000               1
   102.45000       0.0000000               1
   102.55000       0.0000000               1
   102.65001       0.0000000               1
   102.75000       0.0000000               1
   102.85001       0.0000000               1
   102.95000       0.0000000               1
   103.05000       0.0000000               1
   103.15001       0.0000000               1
   103.25000       0.0000000               1
   103.35001       0.0000000               1
   103.45000       0.0000000               1
   103.55000       0.0000000               1
   103.65001       0.0000000               1
   103.75000       0.0000000               1
   103.85001       0.0000000               1
   103.95000       0.0000000               1
   104.05000       0.0000000               1
   104.15001       0.0000000               1
   104.25000       0.0000000               1
   104.35001       0.0000000               1
   104.45000       0.0000000               1
   104.55000       0.0000000               1
   104.65001       0.0000000               1
   104.75000       0.0000000               1
   104.85001       0.0000000               1
   104.95000       0.0000000               1
   105.05000       0.0000000               1
   105.15001       0.0000000               1
   105.25000       0.0000000               1
   105.35001       0.0000000               1
   105.45000       0.0000000               1
   105.55000       0.0000000               1
   105.65001       0.0000000               1
   105.75000       0.0000000               1
   105.85001       0.0000000               1
   105.95000       0.0000000               1
   106.05000       0.0000000               1
   106.15001       0.0000000               1
   106.25000       0.0000000               1
   106.35001       0.0000000               1
   106.45000       0.0000000               1
   106.55000       0.0000000               1
   106.65001       0.0000000               1
   106.75000       0.0000000               1
   106.85001       0.0000000               1
   106.95000       0.0000000               1
   107.05000       0.0000000               1
   107.15001       0.0000000               1
   107.25000       0.0000000               1
   107.35001       0.0000000               1
   107.45000       0.0000000               1
   107.55000       0.0000000               1
   107.65001       0.0000000               1
   107.75000       0.0000000               1
   107.85001       0.0000000               1
   107.95000       0.0000000               1
   108.05000       0.0000000               1
   108.15001       0.0000000               1
   108.25000       0.0000000               1
   108.35001       0.0000000               1
   108.45000       0.0000000               1
   108.55000       0.0000000               1
   108.65001       0.0000000               1
   108.75000       0.0000000               1
   108.85001       0.0000000               1
   108.95000       0.0000000               1
   109.05000       0.0000000               1
   109.15001       0.0000000               1
   109.25000       0.0000000               1
   109.35001       0.0000000               1
   109.45000       0.0000000               1
   109.55000       0.0000000               1
   109.65001       0.0000000               1
   109.75000       0.0000000               1
   109.85001       0.0000000               1
   109.95000       0.0000000               1
   110.05000       0.0000000               1
   110.15001       0.0000000               1
   110.25000       0.0000000               1
   110.35001       0.0000000               1
   110.45000       0.0000000               1
   110.55000       0.0000000               1
   110.65001       0.0000000               1
   110.75000       0.0000000               1
   110.85001       0.0000000               1
   110.95000       0.0000000               1
   111.05000       0.0000000               1
   111.15001       0.0000000               1
   111.25000       0.0000000               1
   111.35001       0.0000000               1
   111.45000       0.0000000               1
   111.55000       0.0000000               1
   111.65001       0.0000000               1
   111.75000       0.0000000               1
   111.85001       0.0000000               1
   111.95000       0.0000000               1
   112.05000       0.0000000               1
   112.15001       0.0000000               1
   112.25000       0.0000000               1
   112.35001       0.0000000               1
   112.45000       0.0000000               1
   112.55000       0.0000000               1
   112.65001       0.0000000               1
   112.75000       0.0000000               1
   112.85001       0.0000000               1
   112.95000       0.0000000               1
   113.05000       0.0000000               1
   113.15001       0.0000000               1
   113.25000       0.0000000               1
   113.35001       0.0000000               1
   113.45000       0.0000000               1
   113.55000       0.0000000               1
   113.65001       0.0000000               1
   113.75000       0.0000000               1
   113.85001       0.0000000               1
   113.95000       0.0000000               1
   114.05000       0.0000000               1
   114.15001       0.0000000               1
   114.25000       0.0000000               1
   114.35001       0.0000000               1
   114.45000       0.0000000               1
   114.55000       0.0000000               1
   114.65001       0.0000000               1
   114.75000       0.0000000               1
   114.85001       0.0000000               1
   114.95000       0.0000000               1
   115.05000       0.0000000               1
   115.15001       0.0000000               1
   115.25000       0.0000000               1
   115.35001       0.0000000               1
   115.45000       0.0000000               1
   115.55000       0.0000000               1
   115.65001       0.0000000               1
   115.75000       0.0000000               1
   115.85001       0.0000000               1
   115.95000       0.0000000               1
   116.05000       0.0000000               1
   116.15001       0.0000000               1
   116.25000       0.0000000               1
   116.35001       0.0000000               1
   116.45000       0.0000000               1
   116.55000       0.0000000               1
   116.65001       0.0000000               1
   116.75000       0.0000000               1
   116.85001       0.0000000               1
   116.95000       0.0000000               1
   117.05000       0.0000000               1
   117.15001       0.0000000               1
   117.25000       0.0000000               1
   117.35001       0.0000000               1
   117.45000       0.0000000               1
   117.55000       0.0000000               1
   117.65001       0.0000000               1
   117.75000       0.0000000               1
   117.85001       0.0000000               1
   117.95000       0.0000000               1
   118.05000       0.0000000               1
   118.15001       0.0000000               1
   118.25000       0.0000000               1
   118.35001       0.0000000               1
   118.45000       0.0000000               1
   118.55000       0.0000000               1
   118.65001       0.0000000               1
   118.75000       0.0000000               1
   118.85001       0.0000000               1
   118.95000       0.0000000               1
   119.05000       0.0000000               1
   119.15001       0.0000000               1
   119.25000       0.0000000               1
   119.35001       0.0000000               1
   119.45000       0.0000000               1
   119.55000       0.0000000               1
   119.65001       0.0000000               1
   119.75000       0.0000000               1
   119.85001       0.0000000               1
   119.95000       0.0000000               1
   120.05000       0.0000000               1
   120.15001       0.0000000               1
   120.25000       0.0000000               1
   120.35001       0.0000000               1
   120.45000       0.0000000               1
   120.55000       0.0000000               1
   120.65001       0.0000000               1
   120.75000       0.0000000               1
   120.85001       0.0000000               1
   120.95000       0.0000000               1
   121.05000       0.0000000               1
   121.15001       0.0000000               1
   121.25000       0.0000000               1
   121.35001       0.0000000               1
   121.45000       0.0000000               1
   121.55000       0.0000000               1
   121.65001       0.0000000               1
   121.75000       0.0000000               1
   121.85001       0.0000000               1
   121.95000       0.0000000               1
   122.05000       0.0000000               1
   122.15001       0.0000000               1
   122.25000       0.0000000               1
   122.35001       0.0000000               1
   122.45000       0.0000000               1
   122.55000       0.0000000               1
   122.65001       0.0000000               1
   122.75000       0.0000000               1
   122.85001       0.0000000               1
   122.95000       0.0000000               1
   123.05000       0.0000000               1
   123.15001       0.0000000               1
   123.25000       0.0000000               1
   123.35001       0.0000000               1
   123.45000       0.0000000               1
   123.55000       0.0000000               1
   123.65001       0.0000000               1
   123.75000       0.0000000               1
   123.85001       0.0000000               1
   123.95000       0.0000000               1
   124.05000       0.0000000               1
   124.15001       0.0000000               1
   124.25000       0.0000000               1
   124.35001       0.0000000               1
   124.45000       0.0000000               1
   124.55000       0.0000000               1
   124.65001       0.0000000               1
   124.75000       0.0000000               1
   124.85001       0.0000000               1
   124.95000       0.0000000               1
   125.05000       0.0000000               1
   125.15001       0.0000000               1
   125.25000       0.0000000               1
   125.35001       0.0000000               1
   125.45000       0.0000000               1
   125.55000       0.0000000               1
   125.65001       0.0000000               1
   125.75000       0.0000000               1
   125.85001       0.0000000               1
   125.95000       0.0000000               1
   126.05000       0.0000000               1
   126.15001       0.0000000               1
   126.25000       0.0000000               1
   126.35001       0.0000000               1
   126.45000       0.0000000               1
   126.55000       0.0000000               1
   126.65001       0.0000000               1
   126.75000       0.0000000               1
   126.85001       0.0000000               1
   126.95000       0.0000000               1
   127.05000       0.0000000               1
   127.15001       0.0000000               1
   127.25000       0.0000000               1
   127.35001       0.0000000               1
   127.45000       0.0000000               1
   127.55000       0.0000000               1
   127.65001       0.0000000               1
   127.75000       0.0000000               1
   127.85001       0.0000000               1
   127.95000       0.0000000               1
   128.05000       0.0000000               1
   128.15001       0.0000000               1
   128.25000       0.0000000               1
   128.35001       0.0000000               1
   128.45000       0.0000000               1
   128.55000       0.0000000               1
   128.65001       0.0000000               1
   128.75000       0.0000000               1
   128.85001       0.0000000               1
   128.95000       0.0000000               1
   129.05000       0.0000000               1
   129.15001       0.0000000               1
   129.25000       0.0000000               1
   129.35001       0.0000000               1
   129.45000       0.0000000               1
   129.55000       0.0000000               1
   129.65001       0.0000000               1
   129.75000       0.0000000               1
   129.85001       0.0000000               1
   129.95000       0.0000000               1
   130.05000       0.0000000               1
   130.15001       0.0000000               1
   130.25000       0.0000000               1
   130.35001       0.0000000               1
   130.45000       0.0000000               1
   130.55000       0.0000000               1
   130.65001       0.0000000               1
   130.75000       0.0000000               1
   130.85001       0.0000000               1
   130.95000       0.0000000               1
   131.05000       0.0000000               1
   131.15001       0.0000000               1
   131.25000       0.0000000               1
   131.35001       0.0000000               1
   131.45000       0.0000000               1
   131.55000       0.0000000               1
   131.65001       0.0000000               1
   131.75000       0.0000000               1
   131.85001       0.0000000               1
   131.95000       0.0000000               1
   132.05000       0.0000000               1
   132.15001       0.0000000               1
   132.25000       0.0000000               1
   132.35001       0.0000000               1
   132.45000       0.0000000               1
   132.55000       0.0000000               1
   132.65001       0.0000000               1
   132.75000       0.0000000               1
   132.85001       0.0000000               1
   132.95000       0.0000000               1
   133.05000       0.0000000               1
   133.15001       0.0000000               1
   133.25000       0.0000000               1
   133.35001       0.0000000               1
   133.45000       0.0000000               1
   133.55000       0.0000000               1
   133.65001       0.0000000               1
   133.75000       0.0000000               1
   133.85001       0.0000000               1
   133.95000       0.0000000               1
   134.05000       0.0000000               1
   134.15001       0.0000000               1
   134.25002       0.0000000               1
   134.35001       0.0000000               1
   134.45000       0.0000000               1
   134.55000       0.0000000               1
   134.65001       0.0000000               1
   134.75002       0.0000000               1
   134.85001       0.0000000               1
   134.95000       0.0000000               1
   135.05000       0.0000000               1
   135.15001       0.0000000               1
   135.25002       0.0000000               1
   135.35001       0.0000000               1
   135.45000       0.0000000               1
   135.55000       0.0000000               1
   135.65001       0.0000000               1
   135.75002       0.0000000               1
   135.85001       0.0000000               1
   135.95000       0.0000000               1
   136.05000       0.0000000               1
   136.15001       0.0000000               1
   136.25002       0.0000000               1
   136.35001       0.0000000               1
   136.45000       0.0000000               1
   136.55000       0.0000000               1
   136.65001       0.0000000               1
   136.75002       0.0000000               1
   136.85001       0.0000000               1
   136.95000       0.0000000               1
   137.05000       0.0000000               1
   137.15001       0.0000000               1
   137.25002       0.0000000               1
   137.35001       0.0000000               1
   137.45000       0.0000000               1
   137.55000       0.0000000               1
   137.65001       0.0000000               1
   137.75002       0.0000000               1
   137.85001       0.0000000               1
   137.95000       0.0000000               1
   138.05000       0.0000000               1
   138.15001       0.0000000               1
   138.25002       0.0000000               1
   138.35001       0.0000000               1
   138.45000       0.0000000               1
   138.55000       0.0000000               1
   138.65001       0.0000000               1
   138.75002       0.0000000               1
   138.85001       0.0000000               1
   138.95000       0.0000000               1
   139.05000       0.0000000               1
   139.15001       0.0000000               1
   139.25002       0.0000000               1
   139.35001       0.0000000               1
   139.45000       0.0000000               1
   139.55000       0.0000000               1
   139.65001       0.0000000               1
   139.75002       0.0000000               1
   139.85001       0.0000000               1
   139.95000       0.0000000               1
   140.05000       0.0000000               1
   140.15001       0.0000000               1
   140.25002       0.0000000               1
   140.35001       0.0000000               1
   140.45000       0.0000000               1
   140.55000       0.0000000               1
   140.65001       0.0000000               1
   140.75002       0.0000000               1
   140.85001       0.0000000               1
   140.95000       0.0000000               1
   141.05000       0.0000000               1
   141.15001       0.0000000               1
   141.25002       0.0000000               1
   141.35001       0.0000000               1
   141.45000       0.0000000               1
   141.55000       0.0000000               1
   141.65001       0.0000000               1
   141.75002       0.0000000               1
   141.85001       0.0000000               1
   141.95000       0.0000000               1
   142.05000       0.0000000               1
   142.15001       0.0000000               1
   142.25002       0.0000000               1
   142.35001       0.0000000               1
   142.45000       0.0000000               1
   142.55000       0.0000000               1
   142.65001       0.0000000               1
   142.75002       0.0000000               1
   142.85001       0.0000000               1
   142.95000       0.0000000               1
   143.05000       0.0000000               1
   143.15001       0.0000000               1
   143.25002       0.0000000               1
   143.35001       0.0000000               1
   143.45000       0.0000000               1
   143.55000       0.0000000               1
   143.65001       0.0000000               1
   143.75002       0.0000000               1
   143.85001       0.0000000               1
   143.95000       0.0000000               1
   144.05000       0.0000000               1
   144.15001       0.0000000               1
   144.25002       0.0000000               1
   144.35001       0.0000000               1
   144.45000       0.0000000               1
   144.55000       0.0000000               1
   144.65001       0.0000000               1
   144.75002       0.0000000               1
   144.85001       0.0000000               1
   144.95000       0.0000000               1
   145.05000       0.0000000               1
   145.15001       0.0000000               1
   145.25002       0.0000000               1
   145.35001       0.0000000               1
   145.45000       0.0000000               1
   145.55000       0.0000000               1
   145.65001       0.0000000               1
   145.75002       0.0000000               1
   145.85001       0.0000000               1
   145.95000       0.0000000               1
   146.05000       0.0000000               1
   146.15001       0.0000000               1
   146.25002       0.0000000               1
   146.35001       0.0000000               1
   146.45000       0.0000000               1
   146.55000       0.0000000               1
   146.65001       0.0000000               1
   146.75002       0.0000000               1
   146.85001       0.0000000               1
   146.95000       0.0000000               1
   147.05000       0.0000000               1
   147.15001       0.0000000               1
   147.25002       0.0000000               1
   147.35001       0.0000000               1
   147.45000       0.0000000               1
   147.55000       0.0000000               1
   147.65001       0.0000000               1
   147.75002       0.0000000               1
   147.85001       0.0000000               1
   147.95000       0.0000000               1
   148.05000       0.0000000               1
   148.15001       0.0000000               1
   148.25002       0.0000000               1
   148.35001       0.0000000               1
   148.45000       0.0000000               1
   148.55000       0.0000000               1
   148.65001       0.0000000               1
   148.75002       0.0000000               1
   148.85001       0.0000000               1
   148.95000       0.0000000               1
   149.05000       0.0000000               1
   149.15001       0.0000000               1
   149.25002       0.0000000               1
   149.35001       0.0000000               1
   149.45000       0.0000000               1
   149.55000       0.0000000               1
   149.65001       0.0000000               1
   149.75002       0.0000000               1
   149.85001       0.0000000               1
   149.95000       0.0000000               1
   150.05000       0.0000000               1
   150.15001       0.0000000               1
   150.25002       0.0000000               1
   150.35001       0.0000000               1
   150.45000       0.0000000               1
   150.55000       0.0000000               1
   150.65001       0.0000000               1
   150.75002       0.0000000               1
   150.85001       0.0000000               1
   150.95000       0.0000000               1
   151.05000       0.0000000               1
   151.15001       0.0000000               1
   151.25002       0.0000000               1
   151.35001       0.0000000               1
   151.45000       0.0000000               1
   151.55000       0.0000000               1
   151.65001       0.0000000               1
   151.75002       0.0000000               1
   151.85001       0.0000000               1
   151.95000       0.0000000               1
   152.05000       0.0000000               1
   152.15001       0.0000000               1
   152.25002       0.0000000               1
   152.35001       0.0000000               1
   152.45000       0.0000000               1
   152.55000       0.0000000               1
   152.65001       0.0000000               1
   152.75002       0.0000000               1
   152.85001       0.0000000               1
   152.95000       0.0000000               1
   153.05000       0.0000000               1
   153.15001       0.0000000               1
   153.25002       0.0000000               1
   153.35001       0.0000000               1
   153.45000       0.0000000               1
   153.55000       0.0000000               1
   153.65001       0.0000000               1
   153.75002       0.0000000               1
   153.85001       0.0000000               1
   153.95000       0.0000000               1
   154.05000       0.0000000               1
   154.15001       0.0000000               1
   154.25002       0.0000000               1
   154.35001       0.0000000               1
   154.45000       0.0000000               1
   154.55000       0.0000000               1
   154.65001       0.0000000               1
   154.75002       0.0000000               1
   154.85001       0.0000000               1
   154.95000       0.0000000               1
   155.05000       0.0000000               1
   155.15001       0.0000000               1
   155.25002       0.0000000               1
   155.35001       0.0000000               1
   155.45000       0.0000000               1
   155.55000       0.0000000               1
   155.65001       0.0000000               1
   155.75002       0.0000000               1
   155.85001       0.0000000               1
   155.95000       0.0000000               1
   156.05000       0.0000000               1
   156.15001       0.0000000               1
   156.25002       0.0000000               1
   156.35001       0.0000000               1
   156.45000       0.0000000               1
   156.55000       0.0000000               1
   156.65001       0.0000000               1
   156.75002       0.0000000               1
   156.85001       0.0000000               1
   156.95000       0.0000000               1
   157.05000       0.0000000               1
   157.15001       0.0000000               1
   157.25002       0.0000000               1
   157.35001       0.0000000               1
   157.45000       0.0000000               1
   157.55000       0.0000000               1
   157.65001       0.0000000               1
   157.75002       0.0000000               1
   157.85001       0.0000000               1
   157.95000       0.0000000               1
   158.05000       0.0000000               1
   158.15001       0.0000000               1
   158.25002       0.0000000               1
   158.35001       0.0000000               1
   158.45000       0.0000000               1
   158.55000       0.0000000               1
   158.65001       0.0000000               1
   158.75002       0.0000000               1
   158.85001       0.0000000               1
   158.95000       0.0000000               1
   159.05000       0.0000000               1
   159.15001       0.0000000               1
   159.25002       0.0000000               1
   159.35001       0.0000000               1
   159.45000       0.0000000               1
   159.55000       0.0000000               1
   159.65001       0.0000000               1
   159.75002       0.0000000               1
   159.85001       0.0000000               1
   159.95000       0.0000000               1
   160.05000       0.0000000               1
   160.15001       0.0000000               1
   160.25002       0.0000000               1
   160.35001       0.0000000               1
   160.45000       0.0000000               1
   160.55000       0.0000000               1
   160.65001       0.0000000               1
   160.75002       0.0000000               1
   160.85001       0.0000000               1
   160.95000       0.0000000               1
   161.05000       0.0000000               1
   161.15001       0.0000000               1
   161.25002       0.0000000               1
   161.35001       0.0000000               1
   161.45000       0.0000000               1
   161.55000       0.0000000               1
   161.65001       0.0000000               1
   161.75002       0.0000000               1
   161.85001       0.0000000               1
   161.95000       0.0000000               1
   162.05000       0.0000000               1
   162.15001       0.0000000               1
   162.25002       0.0000000               1
   162.35001       0.0000000               1
   162.45000       0.0000000               1
   162.55000       0.0000000               1
   162.65001       0.0000000               1
   162.75002       0.0000000               1
   162.85001       0.0000000               1
   162.95000       0.0000000               1
   163.05000       0.0000000               1
   163.15001       0.0000000               1
   163.25002       0.0000000               1
   163.35001       0.0000000               1
   163.45000       0.0000000               1
   163.55000       0.0000000               1
   163.65001       0.0000000               1
   163.75002       0.0000000               1
   163.85001       0.0000000               1
   163.95000       0.0000000               1
   164.05000       0.0000000               1
   164.15001       0.0000000               1
   164.25002       0.0000000               1
   164.35001       0.0000000               1
   164.45000       0.0000000               1
   164.55000       0.0000000               1
   164.65001       0.0000000               1
   164.75002       0.0000000               1
   164.85001       0.0000000               1
   164.95000       0.0000000               1
   165.05000       0.0000000               1
   165.15001       0.0000000               1
   165.25002       0.0000000               1
   165.35001       0.0000000               1
   165.45000       0.0000000               1
   165.55000       0.0000000               1
   165.65001       0.0000000               1
   165.75002       0.0000000               1
   165.85001       0.0000000               1
   165.95000       0.0000000               1
   166.05000       0.0000000               1
   166.15001       0.0000000               1
   166.25002       0.0000000               1
   166.35001       0.0000000               1
   166.45000       0.0000000               1
   166.55000       0.0000000               1
   166.65001       0.0000000               1
   166.75002       0.0000000               1
   166.85001       0.0000000               1
   166.95000       0.0000000               1
   167.05000       0.0000000               1
   167.15001       0.0000000               1
   167.25002       0.0000000               1
   167.35001       0.0000000               1
   167.45000       0.0000000               1
   167.55000       0.0000000               1
   167.65001       0.0000000               1
   167.75002       0.0000000               1
   167.85001       0.0000000               1
   167.95000       0.0000000               1
   168.05000       0.0000000               1
   168.15001       0.0000000               1
   168.25002       0.0000000               1
   168.35001       0.0000000               1
   168.45000       0.0000000               1
   168.55000       0.0000000               1
   168.65001       0.0000000               1
   168.75002       0.0000000               1
   168.85001       0.0000000               1
   168.95000       0.0000000               1
   169.05000       0.0000000               1
   169.15001       0.0000000               1
   169.25002       0.0000000               1
   169.35001       0.0000000               1
   169.45000       0.0000000               1
   169.55000       0.0000000               1
   169.65001       0.0000000               1
   169.75002       0.0000000               1
   169.85001       0.0000000               1
   169.95000       0.0000000               1
