0.0 0
0.1 0
0.2 0
0.3 0
0.4 0
0.5 0
0.6 0
0.7 0
0.8 0
0.9 0
1.0 0
1.1 0
1.2 0
1.3 0
1.4 0
1.5 0
1.6 0
1.7 0
1.8 0
1.9 0
2.0 0
2.1 0
2.2 0
2.3 0
2.4 0
2.5 0
2.6 0
2.7 0
2.8 0
2.9 0
3.0 0
3.1 0
3.2 0
3.3 0
3.4 0
3.5 0
3.6 0
3.7 0
3.8 0
3.9 0
4.0 0
4.1 0
4.2 0
4.3 0
4.4 0
4.5 0
4.6 0
4.7 0
4.8 0
4.9 0
5.0 0
5.1 0
5.2 0
5.3 0
5.4 0
5.5 0
5.6 0
5.7 0
5.8 0
5.9 0
6.0 0
6.1 0
6.2 0
6.3 0
6.4 0
6.5 0
6.6 0
6.7 0
6.8 0
6.9 0
7.0 0
7.1 0
7.2 0
7.3 0
7.4 0
7.5 0
7.6 0
7.7 0
7.8 0
7.9 0
8.0 0
8.1 0
8.2 0
8.3 0
8.4 0
8.5 0
8.6 0
8.7 0
8.8 0
8.9 0
9.0 0
9.1 0
9.2 0
9.3 0
9.4 0
9.5 0
9.6 0
9.7 0
9.8 0
9.9 0
10.0 0
10.1 0
10.2 0
10.3 0
10.4 0
10.5 0
10.6 0
10.7 0
10.8 0
10.9 0
11.0 0
11.1 0
11.2 0
11.3 0
11.4 0
11.5 0
11.6 0
11.7 0
11.8 0
11.9 0
12.0 0
12.1 0
12.2 0
12.3 0
12.4 0
12.5 0
12.6 0
12.7 0
12.8 0
12.9 0
13.0 0
13.1 0
13.2 0
13.3 0
13.4 0
13.5 0
13.6 0
13.7 0
13.8 0
13.9 0
14.0 0
14.1 0
14.2 0
14.3 0
14.4 0
14.5 0
14.6 0
14.7 0
14.8 0
14.9 0
15.0 0
15.1 0
15.2 0
15.3 0
15.4 0
15.5 0
15.6 0
15.7 0
15.8 0
15.9 0
16.0 0
16.1 0
16.2 0
16.3 0
16.4 0
16.5 0
16.6 0
16.7 0
16.8 0
16.9 0
17.0 0
17.1 0
17.2 0
17.3 0
17.4 0
17.5 0
17.6 0
17.7 0
17.8 0
17.9 0
18.0 0
18.1 0
18.2 0
18.3 0
18.4 0
18.5 0
18.6 0
18.7 0
18.8 0
18.9 0
19.0 0
19.1 0
19.2 0
19.3 0
19.4 0
19.5 0
19.6 0
19.7 0
19.8 0
19.9 0
20.0 0
20.1 0
20.2 0
20.3 0
20.4 0
20.5 0
20.6 0
20.7 0
20.8 0
20.9 0
21.0 0
21.1 0
21.2 0
21.3 0
21.4 0
21.5 0
21.6 0
21.7 0
21.8 0
21.9 0
22.0 0
22.1 0
22.2 0
22.3 0
22.4 0
22.5 0
22.6 0
22.7 0
22.8 0
22.9 0
23.0 0
23.1 0
23.2 0
23.3 0
23.4 0
23.5 0
23.6 0
23.7 0
23.8 0
23.9 0
24.0 0
24.1 0
24.2 0
24.3 0
24.4 0
24.5 0
24.6 0
24.7 0
24.8 0
24.9 0
25.0 0
25.1 0
25.2 0
25.3 0
25.4 0
25.5 0
25.6 0
25.7 0
25.8 0
25.9 0
26.0 0
26.1 0
26.2 0
26.3 0
26.4 0
26.5 0
26.6 0
26.7 0
26.8 0
26.9 0
27.0 0
27.1 0
27.2 0
27.3 0
27.4 0
27.5 0
27.6 0
27.7 0
27.8 0
27.9 0
28.0 0
28.1 0
28.2 0
28.3 0
28.4 0
28.5 0
28.6 0
28.7 0
28.8 0
28.9 0
29.0 0
29.1 0
29.2 0
29.3 0
29.4 0
29.5 0
29.6 0
29.7 0
29.8 0
29.9 0
30.0 0
30.1 0
30.2 0
30.3 0
30.4 0
30.5 0
30.6 0
30.7 0
30.8 0
30.9 0
31.0 0
31.1 0
31.2 0
31.3 0
31.4 0
31.5 0
31.6 0
31.7 0
31.8 0
31.9 0
32.0 0
32.1 0
32.2 0
32.3 0
32.4 0
32.5 0
32.6 0
32.7 0
32.8 0
32.9 0
33.0 0
33.1 0
33.2 0
33.3 0
33.4 0
33.5 0
33.6 0
33.7 0
33.8 0
33.9 0
34.0 0
34.1 0
34.2 0
34.3 0
34.4 0
34.5 0
34.6 0
34.7 0
34.8 0
34.9 0
35.0 0
35.1 0
35.2 0
35.3 0
35.4 0
35.5 0
35.6 0
35.7 0
35.8 0
35.9 0
36.0 0
36.1 0
36.2 0
36.3 0
36.4 0
36.5 0
36.6 0
36.7 0
36.8 0
36.9 0
37.0 0
37.1 0
37.2 0
37.3 0
37.4 0
37.5 0
37.6 0
37.7 0
37.8 0
37.9 0
38.0 0
38.1 0
38.2 0
38.3 0
38.4 0
38.5 0
38.6 0
38.7 0
38.8 0
38.9 0
39.0 0
39.1 0
39.2 0
39.3 0
39.4 0
39.5 0
39.6 0
39.7 0
39.8 0
39.9 0
40.0 0
40.1 0
40.2 0
40.3 0
40.4 0
40.5 0
40.6 0
40.7 0
40.8 0
40.9 0
41.0 0
41.1 0
41.2 0
41.3 0
41.4 0
41.5 0
41.6 0
41.7 0
41.8 0
41.9 0
42.0 0
42.1 0
42.2 0
42.3 0
42.4 0
42.5 0
42.6 0
42.7 0
42.8 0
42.9 0
43.0 0
43.1 0
43.2 0
43.3 0
43.4 0
43.5 0
43.6 0
43.7 0
43.8 0
43.9 0
44.0 0
44.1 0
44.2 0
44.3 0
44.4 0
44.5 0
44.6 0
44.7 0
44.8 0
44.9 0
45.0 0
45.1 0
45.2 0
45.3 0
45.4 0
45.5 0
45.6 0
45.7 0
45.8 0
45.9 0
46.0 0
46.1 0
46.2 0
46.3 0
46.4 0
46.5 0
46.6 0
46.7 0
46.8 0
46.9 0
47.0 0
47.1 0
47.2 0
47.3 0
47.4 0
47.5 0
47.6 0
47.7 0
47.8 0
47.9 0
48.0 0
48.1 0
48.2 0
48.3 0
48.4 0
48.5 0
48.6 0
48.7 0
48.8 0
48.9 0
49.0 0
49.1 0
49.2 0
49.3 0
49.4 0
49.5 0
49.6 0
49.7 0
49.8 0
49.9 0
50.0 0
50.1 0
50.2 0
50.3 0
50.4 0
50.5 0
50.6 0
50.7 0
50.8 0
50.9 0
51.0 0
51.1 0
51.2 0
51.3 0
51.4 0
51.5 0
51.6 0
51.7 0
51.8 0
51.9 0
52.0 0
52.1 0
52.2 0
52.3 0
52.4 0
52.5 0
52.6 0
52.7 0
52.8 0
52.9 0
53.0 0
53.1 0
53.2 0
53.3 0
53.4 0
53.5 0
53.6 0
53.7 0
53.8 0
53.9 0
54.0 0
54.1 0
54.2 0
54.3 0
54.4 0
54.5 0
54.6 0
54.7 0
54.8 0
54.9 0
55.0 0
55.1 0
55.2 0
55.3 0
55.4 0
55.5 0
55.6 0
55.7 0
55.8 0
55.9 0
56.0 0
56.1 0
56.2 0
56.3 0
56.4 0
56.5 0
56.6 0
56.7 0
56.8 0
56.9 0
57.0 0
57.1 0
57.2 0
57.3 0
57.4 0
57.5 0
57.6 0
57.7 0
57.8 0
57.9 0
58.0 0
58.1 0
58.2 0
58.3 0
58.4 0
58.5 0
58.6 0
58.7 0
58.8 0
58.9 0
59.0 0
59.1 0
59.2 0
59.3 0
59.4 0
59.5 0
59.6 0
59.7 0
59.8 0
59.9 0
60.0 0
60.1 0
60.2 0
60.3 0
60.4 0
60.5 0
60.6 0
60.7 0
60.8 0
60.9 0
61.0 0
61.1 0
61.2 0
61.3 0
61.4 0
61.5 0
61.6 0
61.7 0
61.8 0
61.9 0
62.0 0
62.1 0
62.2 0
62.3 0
62.4 0
62.5 0
62.6 0
62.7 0
62.8 0
62.9 0
63.0 0
63.1 0
63.2 0
63.3 0
63.4 0
63.5 0
63.6 0
63.7 0
63.8 0
63.9 0
64.0 0
64.1 0
64.2 0
64.3 0
64.4 0
64.5 0
64.6 0
64.7 0
64.8 0
64.9 0
65.0 0
65.1 0
65.2 0
65.3 0
65.4 0
65.5 0
65.6 0
65.7 0
65.8 0
65.9 0
66.0 0
66.1 0
66.2 0
66.3 0
66.4 0
66.5 0
66.6 0
66.7 0
66.8 0
66.9 0
67.0 0
67.1 0
67.2 0
67.3 0
67.4 0
67.5 0
67.6 0
67.7 0
67.8 0
67.9 0
68.0 0
68.1 0
68.2 0
68.3 0
68.4 0
68.5 0
68.6 0
68.7 0
68.8 0
68.9 0
69.0 0
69.1 0
69.2 0
69.3 0
69.4 0
69.5 0
69.6 0
69.7 0
69.8 0
69.9 0
70.0 0
70.1 0
70.2 0
70.3 0
70.4 0
70.5 0
70.6 0
70.7 0
70.8 0
70.9 0
71.0 0
71.1 0
71.2 0
71.3 0
71.4 0
71.5 0
71.6 0
71.7 0
71.8 0
71.9 0
72.0 0
72.1 0
72.2 0
72.3 0
72.4 0
72.5 0
72.6 0
72.7 0
72.8 0
72.9 0
73.0 0
73.1 0
73.2 0
73.3 0
73.4 0
73.5 0
73.6 0
73.7 0
73.8 0
73.9 0
74.0 0
74.1 0
74.2 0
74.3 0
74.4 0
74.5 0
74.6 0
74.7 0
74.8 0
74.9 0
75.0 0
75.1 0
75.2 0
75.3 0
75.4 0
75.5 0
75.6 0
75.7 0
75.8 0
75.9 0
76.0 0
76.1 0
76.2 0
76.3 0
76.4 0
76.5 0
76.6 0
76.7 0
76.8 0
76.9 0
77.0 0
77.1 0
77.2 0
77.3 0
77.4 0
77.5 0
77.6 0
77.7 0
77.8 0
77.9 0
78.0 0
78.1 0
78.2 0
78.3 0
78.4 0
78.5 0
78.6 0
78.7 0
78.8 0
78.9 0
79.0 0
79.1 0
79.2 0
79.3 0
79.4 0
79.5 0
79.6 0
79.7 0
79.8 0
79.9 0
80.0 0
80.1 0
80.2 0
80.3 0
80.4 0
80.5 0
80.6 0
80.7 0
80.8 0
80.9 0
81.0 0
81.1 0
81.2 0
81.3 0
81.4 0
81.5 0
81.6 0
81.7 0
81.8 0
81.9 0
82.0 0
82.1 0
82.2 0
82.3 0
82.4 0
82.5 0
82.6 0
82.7 0
82.8 0
82.9 0
83.0 0
83.1 0
83.2 0
83.3 0
83.4 0
83.5 0
83.6 0
83.7 0
83.8 0
83.9 0
84.0 0
84.1 0
84.2 0
84.3 0
84.4 0
84.5 0
84.6 0
84.7 0
84.8 0
84.9 0
85.0 0
85.1 0
85.2 0
85.3 0
85.4 0
85.5 3.37e-255
85.6 1.224e-165
85.7 5.647e-122
85.8 3.984e-96
85.9 4.86e-79
86.0 6.585e-67
86.1 7.529e-58
86.2 7.886e-51
86.3 3.135e-45
86.4 1.164e-40
86.5 7.335e-37
86.6 1.185e-33
86.7 6.59e-31
86.8 1.564e-28
86.9 1.862e-26
87.0 1.258e-24
87.1 5.305e-23
87.2 1.506e-21
87.3 3.058e-20
87.4 4.658e-19
87.5 5.54e-18
87.6 5.314e-17
87.7 4.224e-16
87.8 2.846e-15
87.9 1.656e-14
88.0 8.466e-14
88.1 3.853e-13
88.2 1.58e-12
88.3 5.902e-12
88.4 2.025e-11
88.5 6.434e-11
88.6 1.907e-10
88.7 5.3e-10
88.8 1.39e-09
88.9 3.455e-09
89.0 8.175e-09
89.1 1.849e-08
89.2 4.008e-08
89.3 8.359e-08
89.4 1.682e-07
89.5 3.271e-07
89.6 6.169e-07
89.7 1.13e-06
89.8 2.013e-06
89.9 3.498e-06
90.0 5.934e-06
90.1 9.844e-06
90.2 1.599e-05
90.3 2.546e-05
90.4 3.979e-05
90.5 6.109e-05
90.6 9.226e-05
90.7 0.0001371
90.8 0.0002008
90.9 0.00029
91.0 0.0004132
91.1 0.0005812
91.2 0.0008078
91.3 0.00111
91.4 0.001508
91.5 0.002028
91.6 0.0027
91.7 0.003561
91.8 0.004654
91.9 0.00603
92.0 0.007748
92.1 0.009876
92.2 0.01249
92.3 0.01569
92.4 0.01957
92.5 0.02424
92.6 0.02984
92.7 0.03649
92.8 0.04438
92.9 0.05365
93.0 0.0645
93.1 0.07715
93.2 0.09179
93.3 0.1087
93.4 0.1281
93.5 0.1502
93.6 0.1754
93.7 0.204
93.8 0.2363
93.9 0.2725
94.0 0.3131
94.1 0.3584
94.2 0.4088
94.3 0.4647
94.4 0.5264
94.5 0.5943
94.6 0.6689
94.7 0.7505
94.8 0.8395
94.9 0.9364
95.0 1.042
95.1 1.155
95.2 1.278
95.3 1.411
95.4 1.553
95.5 1.705
95.6 1.868
95.7 2.041
95.8 2.226
95.9 2.422
96.0 2.63
96.1 2.85
96.2 3.082
96.3 3.326
96.4 3.583
96.5 3.853
96.6 4.135
96.7 4.431
96.8 4.739
96.9 5.06
97.0 5.394
97.1 5.741
97.2 6.101
97.3 6.474
97.4 6.859
97.5 7.257
97.6 7.666
97.7 8.088
97.8 8.521
97.9 8.966
98.0 9.422
98.1 9.888
98.2 10.37
98.3 10.85
98.4 11.35
98.5 11.85
98.6 12.37
98.7 12.89
98.8 13.42
98.9 13.95
99.0 14.49
99.1 15.04
99.2 15.6
99.3 16.15
99.4 16.71
99.5 17.28
99.6 17.85
99.7 18.42
99.8 18.99
99.9 19.56
100.0 20.13
100.1 20.7
100.2 21.27
100.3 21.84
100.4 22.41
100.5 22.97
100.6 23.53
100.7 24.09
100.8 24.64
100.9 25.18
101.0 25.72
101.1 26.26
101.2 26.78
101.3 27.3
101.4 27.81
101.5 28.31
101.6 28.81
101.7 29.29
101.8 29.76
101.9 30.23
102.0 30.68
102.1 31.12
102.2 31.55
102.3 31.97
102.4 32.37
102.5 32.76
102.6 33.14
102.7 33.51
102.8 33.87
102.9 34.21
103.0 34.53
103.1 34.85
103.2 35.14
103.3 35.43
103.4 35.7
103.5 35.96
103.6 36.2
103.7 36.42
103.8 36.64
103.9 36.84
104.0 37.02
104.1 37.19
104.2 37.34
104.3 37.48
104.4 37.61
104.5 37.72
104.6 37.82
104.7 37.9
104.8 37.97
104.9 38.03
105.0 38.07
105.1 38.1
105.2 38.11
105.3 38.11
105.4 38.1
105.5 38.08
105.6 38.04
105.7 37.99
105.8 37.93
105.9 37.86
106.0 37.77
106.1 37.68
106.2 37.57
106.3 37.45
106.4 37.32
106.5 37.19
106.6 37.04
106.7 36.88
106.8 36.71
106.9 36.53
107.0 36.34
107.1 36.15
107.2 35.94
107.3 35.73
107.4 35.51
107.5 35.28
107.6 35.05
107.7 34.8
107.8 34.56
107.9 34.3
108.0 34.04
108.1 33.77
108.2 33.5
108.3 33.22
108.4 32.93
108.5 32.65
108.6 32.35
108.7 32.05
108.8 31.75
108.9 31.45
109.0 31.14
109.1 30.83
109.2 30.51
109.3 30.19
109.4 29.87
109.5 29.55
109.6 29.22
109.7 28.89
109.8 28.56
109.9 28.23
110.0 27.9
110.1 27.57
110.2 27.23
110.3 26.9
110.4 26.56
110.5 26.23
110.6 25.89
110.7 25.56
110.8 25.22
110.9 24.88
111.0 24.55
111.1 24.21
111.2 23.88
111.3 23.55
111.4 23.21
111.5 22.88
111.6 22.55
111.7 22.23
111.8 21.9
111.9 21.57
112.0 21.25
112.1 20.93
112.2 20.61
112.3 20.29
112.4 19.98
112.5 19.66
112.6 19.35
112.7 19.04
112.8 18.74
112.9 18.43
113.0 18.13
113.1 17.83
113.2 17.54
113.3 17.24
113.4 16.95
113.5 16.67
113.6 16.38
113.7 16.1
113.8 15.82
113.9 15.54
114.0 15.27
114.1 15
114.2 14.73
114.3 14.47
114.4 14.21
114.5 13.95
114.6 13.7
114.7 13.45
114.8 13.2
114.9 12.95
115.0 12.71
115.1 12.47
115.2 12.24
115.3 12.01
115.4 11.78
115.5 11.55
115.6 11.33
115.7 11.11
115.8 10.9
115.9 10.68
116.0 10.47
116.1 10.27
116.2 10.06
116.3 9.863
116.4 9.665
116.5 9.471
116.6 9.28
116.7 9.092
116.8 8.907
116.9 8.725
117.0 8.546
117.1 8.37
117.2 8.197
117.3 8.027
117.4 7.859
117.5 7.695
117.6 7.533
117.7 7.374
117.8 7.218
117.9 7.065
118.0 6.914
118.1 6.766
118.2 6.621
118.3 6.478
118.4 6.338
118.5 6.201
118.6 6.066
118.7 5.933
118.8 5.803
118.9 5.676
119.0 5.551
119.1 5.428
119.2 5.307
119.3 5.189
119.4 5.073
119.5 4.96
119.6 4.848
119.7 4.739
119.8 4.632
119.9 4.527
120.0 4.424
120.1 4.323
120.2 4.224
120.3 4.128
120.4 4.033
120.5 3.94
120.6 3.849
120.7 3.76
120.8 3.673
120.9 3.587
121.0 3.503
121.1 3.421
121.2 3.341
121.3 3.263
121.4 3.186
121.5 3.111
121.6 3.037
121.7 2.965
121.8 2.894
121.9 2.825
122.0 2.758
122.1 2.692
122.2 2.627
122.3 2.564
122.4 2.502
122.5 2.442
122.6 2.383
122.7 2.325
122.8 2.268
122.9 2.213
123.0 2.159
123.1 2.106
123.2 2.055
123.3 2.004
123.4 1.955
123.5 1.907
123.6 1.86
123.7 1.814
123.8 1.769
123.9 1.725
124.0 1.682
124.1 1.64
124.2 1.599
124.3 1.559
124.4 1.52
124.5 1.482
124.6 1.444
124.7 1.408
124.8 1.372
124.9 1.338
125.0 1.304
125.1 1.271
125.2 1.239
125.3 1.207
125.4 1.176
125.5 1.146
125.6 1.117
125.7 1.088
125.8 1.06
125.9 1.033
126.0 1.007
126.1 0.9807
126.2 0.9554
126.3 0.9307
126.4 0.9066
126.5 0.8831
126.6 0.8602
126.7 0.8378
126.8 0.816
126.9 0.7948
127.0 0.774
127.1 0.7538
127.2 0.7341
127.3 0.7148
127.4 0.6961
127.5 0.6778
127.6 0.6599
127.7 0.6426
127.8 0.6256
127.9 0.6091
128.0 0.593
128.1 0.5773
128.2 0.562
128.3 0.5471
128.4 0.5325
128.5 0.5183
128.6 0.5045
128.7 0.4911
128.8 0.478
128.9 0.4652
129.0 0.4527
129.1 0.4406
129.2 0.4288
129.3 0.4173
129.4 0.406
129.5 0.3951
129.6 0.3845
129.7 0.3741
129.8 0.364
129.9 0.3541
130.0 0.3445
130.1 0.3352
130.2 0.3261
130.3 0.3173
130.4 0.3086
130.5 0.3002
130.6 0.2921
130.7 0.2841
130.8 0.2763
130.9 0.2688
131.0 0.2614
131.1 0.2543
131.2 0.2473
131.3 0.2405
131.4 0.2339
131.5 0.2275
131.6 0.2212
131.7 0.2151
131.8 0.2092
131.9 0.2034
132.0 0.1978
132.1 0.1924
132.2 0.187
132.3 0.1819
132.4 0.1768
132.5 0.1719
132.6 0.1671
132.7 0.1625
132.8 0.158
132.9 0.1536
133.0 0.1493
133.1 0.1451
133.2 0.1411
133.3 0.1372
133.4 0.1333
133.5 0.1296
133.6 0.126
133.7 0.1224
133.8 0.119
133.9 0.1157
134.0 0.1124
134.1 0.1093
134.2 0.1062
134.3 0.1032
134.4 0.1003
134.5 0.09746
134.6 0.09471
134.7 0.09203
134.8 0.08943
134.9 0.0869
135.0 0.08444
135.1 0.08205
135.2 0.07973
135.3 0.07746
135.4 0.07527
135.5 0.07313
135.6 0.07105
135.7 0.06903
135.8 0.06706
135.9 0.06515
136.0 0.0633
136.1 0.06149
136.2 0.05974
136.3 0.05803
136.4 0.05637
136.5 0.05476
136.6 0.05319
136.7 0.05167
136.8 0.05019
136.9 0.04875
137.0 0.04735
137.1 0.04599
137.2 0.04467
137.3 0.04338
137.4 0.04214
137.5 0.04092
137.6 0.03975
137.7 0.0386
137.8 0.03749
137.9 0.03641
138.0 0.03535
138.1 0.03433
138.2 0.03334
138.3 0.03238
138.4 0.03144
138.5 0.03053
138.6 0.02964
138.7 0.02878
138.8 0.02795
138.9 0.02714
139.0 0.02635
139.1 0.02558
139.2 0.02484
139.3 0.02412
139.4 0.02342
139.5 0.02273
139.6 0.02207
139.7 0.02143
139.8 0.0208
139.9 0.0202
140.0 0.01961
140.1 0.01903
140.2 0.01848
140.3 0.01794
140.4 0.01741
140.5 0.0169
140.6 0.01641
140.7 0.01593
140.8 0.01546
140.9 0.01501
141.0 0.01457
141.1 0.01414
141.2 0.01372
141.3 0.01332
141.4 0.01293
141.5 0.01255
141.6 0.01218
141.7 0.01182
141.8 0.01147
141.9 0.01113
142.0 0.0108
142.1 0.01049
142.2 0.01018
142.3 0.009876
142.4 0.009584
142.5 0.0093
142.6 0.009025
142.7 0.008758
142.8 0.008499
142.9 0.008247
143.0 0.008003
143.1 0.007766
143.2 0.007536
143.3 0.007312
143.4 0.007095
143.5 0.006884
143.6 0.00668
143.7 0.006481
143.8 0.006289
143.9 0.006102
144.0 0.00592
144.1 0.005744
144.2 0.005573
144.3 0.005407
144.4 0.005246
144.5 0.005089
144.6 0.004938
144.7 0.00479
144.8 0.004647
144.9 0.004508
145.0 0.004374
145.1 0.004243
145.2 0.004116
145.3 0.003993
145.4 0.003874
145.5 0.003758
145.6 0.003645
145.7 0.003536
145.8 0.00343
145.9 0.003327
146.0 0.003227
146.1 0.003131
146.2 0.003037
146.3 0.002945
146.4 0.002857
146.5 0.002771
146.6 0.002688
146.7 0.002607
146.8 0.002529
146.9 0.002453
147.0 0.002379
147.1 0.002307
147.2 0.002238
147.3 0.00217
147.4 0.002105
147.5 0.002041
147.6 0.00198
147.7 0.00192
147.8 0.001862
147.9 0.001806
148.0 0.001751
148.1 0.001698
148.2 0.001647
148.3 0.001597
148.4 0.001549
148.5 0.001502
148.6 0.001457
148.7 0.001413
148.8 0.00137
148.9 0.001328
149.0 0.001288
149.1 0.001249
149.2 0.001211
149.3 0.001174
149.4 0.001139
149.5 0.001104
149.6 0.001071
149.7 0.001038
149.8 0.001007
149.9 0.0009761
150.0 0.0009464
150.1 0.0009176
150.2 0.0008897
150.3 0.0008626
150.4 0.0008364
150.5 0.0008109
150.6 0.0007862
150.7 0.0007623
150.8 0.0007391
150.9 0.0007165
151.0 0.0006947
151.1 0.0006735
151.2 0.000653
151.3 0.0006331
151.4 0.0006137
151.5 0.000595
151.6 0.0005768
151.7 0.0005592
151.8 0.0005421
151.9 0.0005256
152.0 0.0005095
152.1 0.0004939
152.2 0.0004788
152.3 0.0004642
152.4 0.00045
152.5 0.0004362
152.6 0.0004228
152.7 0.0004099
152.8 0.0003973
152.9 0.0003851
153.0 0.0003733
153.1 0.0003619
153.2 0.0003508
153.3 0.00034
153.4 0.0003296
153.5 0.0003195
153.6 0.0003097
153.7 0.0003002
153.8 0.0002909
153.9 0.000282
154.0 0.0002733
154.1 0.0002649
154.2 0.0002568
154.3 0.0002489
154.4 0.0002412
154.5 0.0002338
154.6 0.0002266
154.7 0.0002197
154.8 0.0002129
154.9 0.0002063
155.0 0.0002
155.1 0.0001938
155.2 0.0001878
155.3 0.0001821
155.4 0.0001764
155.5 0.000171
155.6 0.0001657
155.7 0.0001606
155.8 0.0001557
155.9 0.0001509
156.0 0.0001462
156.1 0.0001417
156.2 0.0001373
156.3 0.0001331
156.4 0.0001289
156.5 0.000125
156.6 0.0001211
156.7 0.0001174
156.8 0.0001137
156.9 0.0001102
157.0 0.0001068
157.1 0.0001035
157.2 0.0001003
157.3 9.718e-05
157.4 9.417e-05
157.5 9.126e-05
157.6 8.843e-05
157.7 8.569e-05
157.8 8.303e-05
157.9 8.046e-05
158.0 7.796e-05
158.1 7.555e-05
158.2 7.32e-05
158.3 7.093e-05
158.4 6.873e-05
158.5 6.66e-05
158.6 6.453e-05
158.7 6.253e-05
158.8 6.058e-05
158.9 5.87e-05
159.0 5.688e-05
159.1 5.511e-05
159.2 5.34e-05
159.3 5.174e-05
159.4 5.013e-05
159.5 4.857e-05
159.6 4.706e-05
159.7 4.56e-05
159.8 4.418e-05
159.9 4.28e-05
160.0 4.147e-05
160.1 4.018e-05
160.2 3.893e-05
160.3 3.771e-05
160.4 3.654e-05
160.5 3.54e-05
160.6 3.43e-05
160.7 3.323e-05
160.8 3.219e-05
160.9 3.119e-05
161.0 3.022e-05
161.1 2.927e-05
161.2 2.836e-05
161.3 2.748e-05
161.4 2.662e-05
161.5 2.579e-05
161.6 2.498e-05
161.7 2.42e-05
161.8 2.345e-05
161.9 2.271e-05
162.0 2.2e-05
162.1 2.132e-05
162.2 2.065e-05
162.3 2e-05
162.4 1.938e-05
162.5 1.877e-05
162.6 1.819e-05
162.7 1.762e-05
162.8 1.707e-05
162.9 1.653e-05
163.0 1.601e-05
163.1 1.551e-05
163.2 1.503e-05
163.3 1.456e-05
163.4 1.41e-05
163.5 1.366e-05
163.6 1.323e-05
163.7 1.282e-05
163.8 1.242e-05
163.9 1.203e-05
164.0 1.165e-05
164.1 1.128e-05
164.2 1.093e-05
164.3 1.059e-05
164.4 1.026e-05
164.5 9.934e-06
164.6 9.622e-06
164.7 9.32e-06
164.8 9.028e-06
164.9 8.744e-06
165.0 8.47e-06
165.1 8.204e-06
165.2 7.946e-06
165.3 7.697e-06
165.4 7.455e-06
165.5 7.221e-06
165.6 6.994e-06
165.7 6.774e-06
165.8 6.561e-06
165.9 6.355e-06
166.0 6.155e-06
166.1 5.961e-06
166.2 5.774e-06
166.3 5.592e-06
166.4 5.416e-06
166.5 5.246e-06
166.6 5.081e-06
166.7 4.921e-06
166.8 4.766e-06
166.9 4.616e-06
167.0 4.471e-06
167.1 4.33e-06
167.2 4.193e-06
167.3 4.061e-06
167.4 3.933e-06
167.5 3.809e-06
167.6 3.689e-06
167.7 3.573e-06
167.8 3.461e-06
167.9 3.351e-06
168.0 3.246e-06
168.1 3.143e-06
168.2 3.044e-06
168.3 2.948e-06
168.4 2.855e-06
168.5 2.765e-06
168.6 2.678e-06
168.7 2.593e-06
168.8 2.511e-06
168.9 2.432e-06
169.0 2.355e-06
169.1 2.281e-06
169.2 2.209e-06
169.3 2.139e-06
169.4 2.072e-06
169.5 2.006e-06
169.6 1.943e-06
169.7 1.881e-06
169.8 1.822e-06
169.9 1.764e-06
170.0 1.709e-06
170.1 1.655e-06
170.2 1.602e-06
170.3 1.552e-06
170.4 1.502e-06
170.5 1.455e-06
170.6 1.409e-06
170.7 1.364e-06
170.8 1.321e-06
170.9 1.279e-06
171.0 1.239e-06
171.1 1.2e-06
171.2 1.162e-06
171.3 1.125e-06
171.4 1.089e-06
171.5 1.055e-06
171.6 1.021e-06
171.7 9.89e-07
171.8 9.577e-07
171.9 9.273e-07
172.0 8.979e-07
172.1 8.695e-07
172.2 8.419e-07
172.3 8.152e-07
172.4 7.894e-07
172.5 7.644e-07
172.6 7.401e-07
172.7 7.166e-07
172.8 6.939e-07
172.9 6.719e-07
173.0 6.506e-07
173.1 6.299e-07
173.2 6.099e-07
173.3 5.906e-07
173.4 5.718e-07
173.5 5.537e-07
173.6 5.361e-07
173.7 5.191e-07
173.8 5.026e-07
173.9 4.866e-07
174.0 4.712e-07
174.1 4.562e-07
174.2 4.417e-07
174.3 4.277e-07
174.4 4.141e-07
174.5 4.009e-07
174.6 3.882e-07
174.7 3.759e-07
174.8 3.639e-07
174.9 3.523e-07
175.0 3.411e-07
175.1 3.303e-07
175.2 3.198e-07
175.3 3.096e-07
175.4 2.998e-07
175.5 2.902e-07
175.6 2.81e-07
175.7 2.721e-07
175.8 2.634e-07
175.9 2.55e-07
176.0 2.469e-07
176.1 2.39e-07
176.2 2.314e-07
176.3 2.241e-07
176.4 2.169e-07
176.5 2.1e-07
176.6 2.033e-07
176.7 1.969e-07
176.8 1.906e-07
176.9 1.845e-07
177.0 1.786e-07
177.1 1.729e-07
177.2 1.674e-07
177.3 1.621e-07
177.4 1.569e-07
177.5 1.519e-07
177.6 1.471e-07
177.7 1.424e-07
177.8 1.379e-07
177.9 1.335e-07
178.0 1.292e-07
178.1 1.251e-07
178.2 1.211e-07
178.3 1.172e-07
178.4 1.135e-07
178.5 1.099e-07
178.6 1.064e-07
178.7 1.03e-07
178.8 9.968e-08
178.9 9.65e-08
179.0 9.342e-08
179.1 9.044e-08
179.2 8.755e-08
179.3 8.476e-08
179.4 8.205e-08
179.5 7.943e-08
179.6 7.689e-08
179.7 7.444e-08
179.8 7.206e-08
179.9 6.976e-08
180.0 6.753e-08
180.1 6.537e-08
180.2 6.328e-08
180.3 6.126e-08
180.4 5.93e-08
180.5 5.741e-08
180.6 5.557e-08
180.7 5.379e-08
180.8 5.207e-08
180.9 5.041e-08
181.0 4.88e-08
181.1 4.724e-08
181.2 4.573e-08
181.3 4.426e-08
181.4 4.285e-08
181.5 4.148e-08
181.6 4.015e-08
181.7 3.887e-08
181.8 3.762e-08
181.9 3.642e-08
182.0 3.525e-08
182.1 3.412e-08
182.2 3.303e-08
182.3 3.197e-08
182.4 3.095e-08
182.5 2.996e-08
182.6 2.9e-08
182.7 2.807e-08
182.8 2.717e-08
182.9 2.63e-08
183.0 2.546e-08
183.1 2.464e-08
183.2 2.386e-08
183.3 2.309e-08
183.4 2.235e-08
183.5 2.164e-08
183.6 2.094e-08
183.7 2.027e-08
183.8 1.962e-08
183.9 1.899e-08
184.0 1.838e-08
184.1 1.779e-08
184.2 1.722e-08
184.3 1.667e-08
184.4 1.614e-08
184.5 1.562e-08
184.6 1.512e-08
184.7 1.463e-08
184.8 1.416e-08
184.9 1.371e-08
185.0 1.327e-08
185.1 1.284e-08
185.2 1.243e-08
185.3 1.203e-08
185.4 1.165e-08
185.5 1.127e-08
185.6 1.091e-08
185.7 1.056e-08
185.8 1.022e-08
185.9 9.894e-09
186.0 9.577e-09
186.1 9.269e-09
186.2 8.972e-09
186.3 8.683e-09
186.4 8.405e-09
186.5 8.135e-09
186.6 7.873e-09
186.7 7.621e-09
186.8 7.376e-09
186.9 7.139e-09
187.0 6.91e-09
187.1 6.688e-09
187.2 6.473e-09
187.3 6.265e-09
187.4 6.063e-09
187.5 5.869e-09
187.6 5.68e-09
187.7 5.497e-09
187.8 5.321e-09
187.9 5.15e-09
188.0 4.984e-09
188.1 4.824e-09
188.2 4.669e-09
188.3 4.519e-09
188.4 4.373e-09
188.5 4.233e-09
188.6 4.097e-09
188.7 3.965e-09
188.8 3.837e-09
188.9 3.714e-09
189.0 3.594e-09
189.1 3.479e-09
189.2 3.367e-09
189.3 3.258e-09
189.4 3.154e-09
189.5 3.052e-09
189.6 2.954e-09
189.7 2.859e-09
189.8 2.767e-09
189.9 2.678e-09
190.0 2.592e-09
190.1 2.508e-09
190.2 2.427e-09
190.3 2.349e-09
190.4 2.274e-09
190.5 2.2e-09
190.6 2.13e-09
190.7 2.061e-09
190.8 1.995e-09
190.9 1.93e-09
191.0 1.868e-09
191.1 1.808e-09
191.2 1.75e-09
191.3 1.693e-09
191.4 1.639e-09
191.5 1.586e-09
191.6 1.535e-09
191.7 1.485e-09
191.8 1.438e-09
191.9 1.391e-09
192.0 1.346e-09
192.1 1.303e-09
192.2 1.261e-09
192.3 1.22e-09
192.4 1.181e-09
192.5 1.143e-09
192.6 1.106e-09
192.7 1.07e-09
192.8 1.036e-09
192.9 1.002e-09
193.0 9.701e-10
193.1 9.389e-10
193.2 9.086e-10
193.3 8.793e-10
193.4 8.509e-10
193.5 8.235e-10
193.6 7.969e-10
193.7 7.712e-10
193.8 7.463e-10
193.9 7.222e-10
194.0 6.989e-10
194.1 6.764e-10
194.2 6.545e-10
194.3 6.334e-10
194.4 6.13e-10
194.5 5.932e-10
194.6 5.74e-10
194.7 5.555e-10
194.8 5.376e-10
194.9 5.202e-10
195.0 5.034e-10
195.1 4.872e-10
195.2 4.714e-10
195.3 4.562e-10
195.4 4.415e-10
195.5 4.272e-10
195.6 4.134e-10
195.7 4.001e-10
195.8 3.871e-10
195.9 3.746e-10
196.0 3.625e-10
196.1 3.508e-10
196.2 3.395e-10
196.3 3.285e-10
196.4 3.179e-10
196.5 3.005e-10
196.6 2.835e-10
196.7 2.671e-10
196.8 2.512e-10
196.9 2.359e-10
197.0 2.212e-10
197.1 2.072e-10
197.2 1.939e-10
197.3 1.812e-10
197.4 1.692e-10
197.5 1.578e-10
197.6 1.471e-10
197.7 1.369e-10
197.8 1.274e-10
197.9 1.184e-10
198.0 1.1e-10
198.1 1.022e-10
198.2 9.479e-11
198.3 8.789e-11
198.4 8.145e-11
198.5 7.543e-11
198.6 6.983e-11
198.7 6.461e-11
198.8 5.975e-11
198.9 5.523e-11
199.0 5.102e-11
199.1 4.712e-11
199.2 4.35e-11
199.3 4.014e-11
199.4 3.703e-11
199.5 3.415e-11
199.6 3.147e-11
199.7 2.9e-11
199.8 2.672e-11
199.9 2.46e-11
